6.65521e-06 -0
1.77629e-05 0.00040008
3.52628e-05 0.00080032
4.80519e-05 0.00120072
8.59122e-05 0.00160128
8.93313e-05 0.002002
9.10283e-05 0.00240288
0.000126045 0.00280393
0.000137571 0.00320513
0.000152831 0.0036065
0.000153824 0.00400802
0.000168253 0.00440971
0.000175706 0.00481156
0.000192611 0.00521357
0.000201871 0.00561574
0.000205639 0.00601807
0.000255812 0.00642057
0.000266923 0.00682323
0.000268569 0.00722605
0.000287367 0.00762903
0.000294033 0.00803217
0.000306271 0.00843548
0.000310069 0.00883895
0.000312595 0.00924258
0.000336452 0.00964638
0.000352317 0.0100503
0.000385777 0.0104545
0.00039717 0.0108587
0.000456281 0.0112632
0.000464119 0.0116678
0.000473951 0.0120726
0.00049308 0.0124775
0.000495268 0.0128826
0.000527326 0.0132879
0.000528271 0.0136933
0.000534331 0.0140989
0.000538537 0.0145047
0.000540858 0.0149106
0.000557313 0.0153167
0.000599624 0.015723
0.000606477 0.0161294
0.000624949 0.016536
0.000626195 0.0169427
0.000637503 0.0173496
0.000663518 0.0177567
0.000669959 0.018164
0.00068025 0.0185714
0.000812429 0.018979
0.000898207 0.0193867
0.000934996 0.0197946
0.000996535 0.0202027
0.00108623 0.020611
0.00109585 0.0210194
0.00109606 0.0214279
0.00109831 0.0218367
0.00110023 0.0222456
0.00111523 0.0226547
0.0012048 0.0230639
0.00123537 0.0234734
0.00125032 0.0238829
0.00128393 0.0242927
0.00137474 0.0247026
0.00137937 0.0251127
0.00140914 0.025523
0.00143205 0.0259334
0.0014413 0.026344
0.00144825 0.0267547
0.00146251 0.0271657
0.00146946 0.0275768
0.00147705 0.027988
0.00148016 0.0283995
0.00150302 0.0288111
0.00151122 0.0292229
0.00153563 0.0296348
0.00154398 0.0300469
0.00159547 0.0304592
0.00161155 0.0308717
0.00163118 0.0312843
0.00164549 0.0316971
0.00166308 0.0321101
0.0017144 0.0325232
0.00172442 0.0329365
0.00174041 0.03335
0.00175009 0.0337636
0.00175111 0.0341775
0.00176646 0.0345914
0.00177421 0.0350056
0.00180024 0.0354199
0.00180755 0.0358345
0.00181589 0.0362491
0.00183213 0.036664
0.00185128 0.037079
0.00188142 0.0374942
0.00188811 0.0379096
0.00190516 0.0383251
0.00196645 0.0387408
0.00196964 0.0391567
0.00198306 0.0395728
0.00198655 0.039989
0.00203744 0.0404054
0.00204698 0.040822
0.00204818 0.0412387
0.00205715 0.0416557
0.00208611 0.0420728
0.00211588 0.0424901
0.00212439 0.0429075
0.00214246 0.0433251
0.00214677 0.0437429
0.0021554 0.0441609
0.00218576 0.044579
0.00223415 0.0449974
0.00224466 0.0454159
0.00225775 0.0458345
0.00227211 0.0462534
0.00231709 0.0466724
0.00233404 0.0470916
0.00235279 0.047511
0.00241838 0.0479305
0.0024428 0.0483503
0.00250852 0.0487702
0.00253156 0.0491902
0.0025576 0.0496105
0.0025635 0.0500309
0.00259122 0.0504515
0.00259824 0.0508723
0.00262782 0.0512933
0.00263176 0.0517144
0.00265397 0.0521358
0.00267142 0.0525573
0.00270084 0.0529789
0.00270996 0.0534008
0.0027827 0.0538228
0.00278506 0.054245
0.00281249 0.0546674
0.00281677 0.05509
0.00282443 0.0555127
0.00283672 0.0559356
0.0028455 0.0563587
0.00285976 0.056782
0.00286201 0.0572055
0.00286873 0.0576291
0.00288825 0.0580529
0.00292853 0.0584769
0.0029359 0.0589011
0.0029582 0.0593255
0.00299082 0.05975
0.00299644 0.0601747
0.00301898 0.0605996
0.00302854 0.0610247
0.00303237 0.06145
0.00303568 0.0618754
0.00304583 0.062301
0.00304784 0.0627268
0.00304809 0.0631528
0.0030538 0.063579
0.00312526 0.0640053
0.00316324 0.0644319
0.00317054 0.0648586
0.00317265 0.0652855
0.00325698 0.0657125
0.00326705 0.0661398
0.00327307 0.0665672
0.00328642 0.0669949
0.00329736 0.0674227
0.00331773 0.0678507
0.00333946 0.0682788
0.00334053 0.0687072
0.00338836 0.0691357
0.00339834 0.0695645
0.00340755 0.0699934
0.00350855 0.0704225
0.00351995 0.0708517
0.00352654 0.0712812
0.00352907 0.0717108
0.0036015 0.0721407
0.00360424 0.0725707
0.00365591 0.0730009
0.00369346 0.0734313
0.00370101 0.0738618
0.00370552 0.0742926
0.00372546 0.0747235
0.00372987 0.0751547
0.00374346 0.075586
0.00376733 0.0760175
0.00379 0.0764492
0.00397131 0.076881
0.00397779 0.0773131
0.00399946 0.0777453
0.00401107 0.0781778
0.00403263 0.0786104
0.00405348 0.0790432
0.00405363 0.0794762
0.00409094 0.0799094
0.00413635 0.0803428
0.00414717 0.0807763
0.00416036 0.0812101
0.00417625 0.081644
0.00418023 0.0820781
0.00421568 0.0825124
0.00427746 0.0829469
0.00427779 0.0833816
0.00431308 0.0838165
0.00432634 0.0842516
0.00433996 0.0846868
0.00435425 0.0851223
0.00436703 0.0855579
0.00438874 0.0859937
0.00442399 0.0864297
0.00444923 0.0868659
0.00445889 0.0873023
0.00447732 0.0877389
0.00448029 0.0881757
0.00448502 0.0886127
0.004497 0.0890498
0.0045177 0.0894872
0.00454202 0.0899247
0.00457942 0.0903624
0.00462956 0.0908004
0.00464716 0.0912385
0.00466229 0.0916768
0.00467581 0.0921153
0.00468674 0.092554
0.00468985 0.0929929
0.00477565 0.0934319
0.00478763 0.0938712
0.00482292 0.0943107
0.00484253 0.0947503
0.00489727 0.0951902
0.00490034 0.0956302
0.00491075 0.0960705
0.00493064 0.0965109
0.00494221 0.0969515
0.00496563 0.0973923
0.00497568 0.0978334
0.00499016 0.0982746
0.00501588 0.098716
0.00503813 0.0991576
0.00506697 0.0995994
0.00507734 0.100041
0.0050864 0.100484
0.00510029 0.100926
0.00511682 0.101368
0.00512257 0.101811
0.0051324 0.102254
0.00516222 0.102697
0.00516607 0.103141
0.00517438 0.103584
0.00517904 0.104028
0.00521531 0.104472
0.00522604 0.104916
0.0052508 0.105361
0.00527651 0.105805
0.0052929 0.10625
0.00529865 0.106695
0.00530389 0.10714
0.00531889 0.107585
0.00531918 0.108031
0.00533348 0.108476
0.00534814 0.108922
0.00535062 0.109369
0.00537187 0.109815
0.00538932 0.110261
0.00540858 0.110708
0.00542344 0.111155
0.00542377 0.111602
0.00549168 0.11205
0.00550446 0.112497
0.00551175 0.112945
0.00551998 0.113393
0.00554801 0.113841
0.00554821 0.114289
0.00556401 0.114738
0.00558898 0.115186
0.00562266 0.115635
0.0056378 0.116084
0.00567001 0.116534
0.00569353 0.116983
0.0056985 0.117433
0.00572072 0.117883
0.00573223 0.118333
0.00575367 0.118784
0.00578474 0.119234
0.0057974 0.119685
0.00580213 0.120136
0.00581428 0.120587
0.00584074 0.121038
0.00585324 0.12149
0.00585596 0.121942
0.00586905 0.122394
0.0058805 0.122846
0.00588932 0.123298
0.00589748 0.123751
0.00590551 0.124204
0.00590694 0.124657
0.00591039 0.12511
0.00591085 0.125563
0.00596476 0.126017
0.0059827 0.126471
0.00598628 0.126925
0.00600795 0.127379
0.0060189 0.127833
0.00602597 0.128288
0.00603125 0.128743
0.00603194 0.129198
0.00608456 0.129653
0.00609123 0.130109
0.00612368 0.130564
0.00613216 0.13102
0.00616216 0.131476
0.00616598 0.131933
0.00616985 0.132389
0.00617015 0.132846
0.00617505 0.133303
0.00619057 0.13376
0.00621176 0.134217
0.00622643 0.134675
0.00622842 0.135133
0.00623037 0.135591
0.00623703 0.136049
0.00623763 0.136507
0.00624101 0.136966
0.0062716 0.137425
0.00627311 0.137884
0.00628679 0.138343
0.00632035 0.138802
0.00633837 0.139262
0.00634913 0.139722
0.00636272 0.140182
0.00638101 0.140642
0.00638208 0.141103
0.00640263 0.141564
0.00646557 0.142025
0.00647112 0.142486
0.00650687 0.142947
0.00657174 0.143409
0.00657303 0.14387
0.00659417 0.144332
0.00662634 0.144795
0.00662976 0.145257
0.00668407 0.14572
0.00668462 0.146183
0.00670131 0.146646
0.00674346 0.147109
0.00675922 0.147572
0.00677613 0.148036
0.00677798 0.1485
0.00681446 0.148964
0.00681617 0.149429
0.00683107 0.149893
0.006843 0.150358
0.00685299 0.150823
0.00685346 0.151288
0.00685818 0.151754
0.00689172 0.152219
0.00690084 0.152685
0.00692394 0.153151
0.0069337 0.153617
0.00696536 0.154084
0.00696973 0.154551
0.00697901 0.155018
0.00709329 0.155485
0.0071101 0.155952
0.00713275 0.15642
0.00714426 0.156888
0.0071491 0.157356
0.00715127 0.157824
0.00716239 0.158293
0.00718172 0.158761
0.00719311 0.15923
0.00721483 0.159699
0.00721758 0.160169
0.00723787 0.160638
0.00726157 0.161108
0.00731978 0.161578
0.00733353 0.162048
0.00734062 0.162519
0.00734913 0.16299
0.00737109 0.163461
0.00737445 0.163932
0.00739509 0.164403
0.00742715 0.164875
0.00743162 0.165346
0.00743381 0.165818
0.0074342 0.166291
0.00743785 0.166763
0.00746022 0.167236
0.00747139 0.167709
0.00747843 0.168182
0.00754831 0.168655
0.00754994 0.169129
0.00756074 0.169603
0.00759672 0.170077
0.00771463 0.170551
0.00772133 0.171026
0.00772634 0.1715
0.0077298 0.171975
0.00774404 0.17245
0.00777507 0.172926
0.00783281 0.173401
0.00783654 0.173877
0.00784355 0.174353
0.00784724 0.17483
0.00784794 0.175306
0.00785296 0.175783
0.00785576 0.17626
0.00786668 0.176737
0.00791668 0.177215
0.00792554 0.177692
0.00795727 0.17817
0.00802316 0.178648
0.00808578 0.179127
0.00812039 0.179605
0.00814105 0.180084
0.00819339 0.180563
0.00820273 0.181042
0.00820654 0.181522
0.00821695 0.182002
0.00823537 0.182482
0.00825702 0.182962
0.00825858 0.183442
0.00828769 0.183923
0.00830785 0.184404
0.00834623 0.184885
0.00835736 0.185366
0.008359 0.185848
0.00838999 0.18633
0.00839347 0.186812
0.00840941 0.187294
0.0084257 0.187776
0.00843571 0.188259
0.00849274 0.188742
0.00853022 0.189225
0.00860233 0.189709
0.00861254 0.190192
0.00862353 0.190676
0.00864425 0.191161
0.00864773 0.191645
0.00865484 0.192129
0.00866192 0.192614
0.00869251 0.193099
0.00871238 0.193585
0.00872246 0.19407
0.00875903 0.194556
0.00880156 0.195042
0.00881628 0.195528
0.00892869 0.196015
0.00894371 0.196502
0.00897628 0.196989
0.00897916 0.197476
0.00900273 0.197963
0.00900503 0.198451
0.00901077 0.198939
0.00902001 0.199427
0.00907098 0.199915
0.00909766 0.200404
0.00911683 0.200893
0.00913233 0.201382
0.00913283 0.201871
0.00919037 0.202361
0.0091957 0.202851
0.00921699 0.203341
0.00922017 0.203831
0.00924481 0.204322
0.00926501 0.204813
0.00926636 0.205304
0.00926764 0.205795
0.00927344 0.206286
0.00931727 0.206778
0.00934751 0.20727
0.00935152 0.207762
0.00939215 0.208255
0.00944389 0.208748
0.00944948 0.209241
0.00946025 0.209734
0.00946063 0.210227
0.00947721 0.210721
0.00949369 0.211215
0.00949582 0.211709
0.00958382 0.212204
0.00961847 0.212698
0.00965875 0.213193
0.00966837 0.213688
0.00969734 0.214184
0.00970168 0.214679
0.00972447 0.215175
0.00978193 0.215672
0.00979081 0.216168
0.00979261 0.216665
0.00979281 0.217161
0.00981503 0.217659
0.00981821 0.218156
0.00982887 0.218654
0.00992981 0.219152
0.00997122 0.21965
0.0100136 0.220148
0.0100336 0.220647
0.0100355 0.221146
0.0100363 0.221645
0.0100408 0.222144
0.0100518 0.222644
0.0100647 0.223144
0.0100691 0.223644
0.0100882 0.224144
0.0101114 0.224645
0.010128 0.225146
0.0101328 0.225647
0.0101351 0.226148
0.0101677 0.22665
0.0101736 0.227152
0.0102036 0.227654
0.0102131 0.228156
0.0102342 0.228659
0.0102363 0.229162
0.0102401 0.229665
0.0102558 0.230168
0.0102627 0.230672
0.0102973 0.231176
0.0103103 0.23168
0.0103257 0.232184
0.0103303 0.232689
0.0103476 0.233194
0.0103689 0.233699
0.0104281 0.234204
0.0104306 0.23471
0.010442 0.235216
0.0104528 0.235722
0.0104576 0.236229
0.0104638 0.236736
0.0105035 0.237242
0.010508 0.23775
0.0105252 0.238257
0.010567 0.238765
0.010569 0.239273
0.010586 0.239781
0.0105997 0.24029
0.0106192 0.240798
0.0106409 0.241308
0.0106589 0.241817
0.0106634 0.242326
0.0106667 0.242836
0.0107036 0.243346
0.010723 0.243857
0.0107419 0.244367
0.0107752 0.244878
0.0107818 0.245389
0.0108471 0.245901
0.0108545 0.246412
0.0108978 0.246924
0.0109006 0.247436
0.0109065 0.247949
0.0109298 0.248461
0.0109306 0.248974
0.0109466 0.249488
0.0109744 0.250001
0.0109909 0.250515
0.0110168 0.251029
0.0110378 0.251543
0.0110476 0.252058
0.011072 0.252572
0.0111047 0.253087
0.0111546 0.253603
0.0111728 0.254118
0.011255 0.254634
0.0112877 0.25515
0.0112884 0.255667
0.0112906 0.256183
0.0112965 0.2567
0.0113036 0.257218
0.0113551 0.257735
0.0114119 0.258253
0.0114162 0.258771
0.0114419 0.259289
0.0114651 0.259808
0.0115048 0.260326
0.0115113 0.260845
0.0115159 0.261365
0.0115267 0.261884
0.0115497 0.262404
0.0115522 0.262924
0.0115668 0.263445
0.0116093 0.263966
0.0116586 0.264487
0.01166 0.265008
0.0116733 0.265529
0.0116909 0.266051
0.0117181 0.266573
0.0117781 0.267095
0.0117789 0.267618
0.0117851 0.268141
0.0117898 0.268664
0.0118434 0.269187
0.0118931 0.269711
0.0119034 0.270235
0.0119071 0.270759
0.0119103 0.271284
0.0119308 0.271809
0.0120371 0.272334
0.0120427 0.272859
0.0120451 0.273385
0.0120596 0.273911
0.0121083 0.274437
0.0121219 0.274963
0.0121275 0.27549
0.0121586 0.276017
0.0121742 0.276544
0.0121862 0.277072
0.0121925 0.2776
0.0122046 0.278128
0.012205 0.278656
0.0122124 0.279185
0.0122162 0.279714
0.0122354 0.280243
0.0122627 0.280773
0.0122926 0.281302
0.012297 0.281833
0.0123129 0.282363
0.012314 0.282894
0.0123912 0.283424
0.0124039 0.283956
0.0124279 0.284487
0.0124383 0.285019
0.0124458 0.285551
0.0124568 0.286083
0.0124609 0.286616
0.0125131 0.287149
0.0125839 0.287682
0.012599 0.288216
0.0126137 0.288749
0.0126235 0.289283
0.0126447 0.289818
0.0126452 0.290352
0.0126916 0.290887
0.0127285 0.291422
0.012738 0.291958
0.0127398 0.292494
0.0127864 0.29303
0.0128167 0.293566
0.0128171 0.294103
0.0128547 0.29464
0.0128605 0.295177
0.0128704 0.295714
0.0128797 0.296252
0.0128806 0.29679
0.0129258 0.297328
0.0129337 0.297867
0.0130002 0.298406
0.0130065 0.298945
0.0130123 0.299485
0.0130325 0.300025
0.0130332 0.300565
0.0131484 0.301105
0.0131693 0.301646
0.0131851 0.302187
0.0131868 0.302728
0.0131969 0.30327
0.0131971 0.303811
0.0132031 0.304354
0.0132156 0.304896
0.0132539 0.305439
0.0132679 0.305982
0.0133189 0.306525
0.0134 0.307069
0.013472 0.307613
0.0134758 0.308157
0.0134979 0.308701
0.0135012 0.309246
0.0135017 0.309791
0.0135439 0.310337
0.0135449 0.310882
0.0135937 0.311428
0.0136355 0.311975
0.013664 0.312521
0.0136658 0.313068
0.0137382 0.313615
0.013748 0.314163
0.0137511 0.314711
0.0137735 0.315259
0.0137762 0.315807
0.0138392 0.316356
0.013862 0.316905
0.0138697 0.317454
0.0138755 0.318004
0.013877 0.318554
0.0139143 0.319104
0.0139688 0.319654
0.0140275 0.320205
0.0140295 0.320756
0.0140852 0.321308
0.014103 0.32186
0.014107 0.322412
0.0141265 0.322964
0.0141551 0.323517
0.0141598 0.324069
0.0141661 0.324623
0.0142077 0.325176
0.0142452 0.32573
0.0142649 0.326284
0.0142698 0.326839
0.0142955 0.327394
0.0143319 0.327949
0.0143427 0.328504
0.0143458 0.32906
0.0143583 0.329616
0.0143632 0.330172
0.0143647 0.330729
0.0143932 0.331286
0.0144082 0.331843
0.0144128 0.332401
0.014416 0.332958
0.0144858 0.333517
0.0145644 0.334075
0.0145742 0.334634
0.01458 0.335193
0.0145995 0.335752
0.0146109 0.336312
0.0146129 0.336872
0.0146399 0.337433
0.0146735 0.337993
0.0147635 0.338554
0.014803 0.339116
0.0148294 0.339677
0.0148445 0.340239
0.0148697 0.340802
0.014881 0.341364
0.0148875 0.341927
0.0149198 0.34249
0.0149631 0.343054
0.0150087 0.343618
0.0150863 0.344182
0.0151793 0.344746
0.0152111 0.345311
0.0152164 0.345876
0.0152363 0.346442
0.0152445 0.347008
0.015245 0.347574
0.0152698 0.34814
0.0152957 0.348707
0.0154335 0.349274
0.0154427 0.349841
0.0154785 0.350409
0.0154794 0.350977
0.0154823 0.351545
0.0155051 0.352114
0.0155394 0.352683
0.01556 0.353252
0.0155659 0.353822
0.0155999 0.354392
0.0156329 0.354962
0.0157303 0.355533
0.0157343 0.356104
0.0157375 0.356675
0.0157506 0.357247
0.0157705 0.357818
0.015776 0.358391
0.0157965 0.358963
0.0158032 0.359536
0.01581 0.360109
0.0158276 0.360683
0.0158318 0.361257
0.0158465 0.361831
0.0158502 0.362406
0.0158563 0.36298
0.0158584 0.363556
0.01588 0.364131
0.0159048 0.364707
0.0159717 0.365283
0.0159879 0.36586
0.0160239 0.366437
0.0160377 0.367014
0.016052 0.367591
0.0160942 0.368169
0.016103 0.368748
0.0162218 0.369326
0.0162601 0.369905
0.0163498 0.370484
0.0164285 0.371064
0.0164428 0.371644
0.0165168 0.372224
0.0165652 0.372804
0.0165659 0.373385
0.0165762 0.373966
0.0166237 0.374548
0.0166421 0.37513
0.0166563 0.375712
0.0166804 0.376295
0.0166915 0.376878
0.0167122 0.377461
0.0167256 0.378045
0.0167621 0.378628
0.016783 0.379213
0.016811 0.379797
0.016826 0.380382
0.0169161 0.380968
0.0169461 0.381553
0.0169583 0.382139
0.0170504 0.382726
0.0170623 0.383312
0.0170728 0.383899
0.0171016 0.384487
0.0171062 0.385074
0.0171132 0.385662
0.017133 0.386251
0.0171501 0.38684
0.0172167 0.387429
0.0172352 0.388018
0.0172524 0.388608
0.0172747 0.389198
0.0173034 0.389789
0.0173508 0.390379
0.0173771 0.390971
0.017424 0.391562
0.0174668 0.392154
0.0174741 0.392746
0.0174888 0.393339
0.0174952 0.393932
0.0174964 0.394525
0.0175019 0.395119
0.017517 0.395713
0.0175191 0.396307
0.0175415 0.396902
0.0176213 0.397497
0.0176362 0.398092
0.0176565 0.398688
0.0176859 0.399284
0.0177007 0.399881
0.0177027 0.400478
0.0177276 0.401075
0.0177707 0.401672
0.0178067 0.40227
0.0178186 0.402868
0.0178241 0.403467
0.0178721 0.404066
0.018003 0.404665
0.0180178 0.405265
0.0180201 0.405865
0.0180759 0.406466
0.0181021 0.407066
0.0181028 0.407668
0.0181229 0.408269
0.0182542 0.408871
0.0182595 0.409473
0.0183418 0.410076
0.0183593 0.410679
0.0183898 0.411282
0.0184262 0.411886
0.0184848 0.41249
0.0184901 0.413094
0.0184973 0.413699
0.0185279 0.414304
0.0185997 0.41491
0.0186026 0.415515
0.0187048 0.416122
0.0187369 0.416728
0.0187687 0.417335
0.0188126 0.417943
0.0188167 0.41855
0.0188462 0.419158
0.0188781 0.419767
0.0188961 0.420376
0.018948 0.420985
0.019005 0.421594
0.0190273 0.422204
0.0191236 0.422815
0.0191564 0.423425
0.019159 0.424036
0.0191602 0.424648
0.0191825 0.42526
0.0192017 0.425872
0.019219 0.426484
0.0192308 0.427097
0.0192977 0.427711
0.0193529 0.428324
0.0194142 0.428938
0.0194164 0.429553
0.0194207 0.430168
0.0195335 0.430783
0.0195477 0.431398
0.0195637 0.432014
0.0195826 0.432631
0.0195838 0.433247
0.0196155 0.433865
0.01973 0.434482
0.0197484 0.4351
0.0197485 0.435718
0.0197745 0.436337
0.0197904 0.436956
0.0198084 0.437575
0.0198195 0.438195
0.0199403 0.438815
0.020005 0.439436
0.0200067 0.440057
0.0200247 0.440678
0.0201114 0.4413
0.0201403 0.441922
0.0201836 0.442544
0.0201875 0.443167
0.0202146 0.44379
0.0202227 0.444414
0.0202371 0.445038
0.0202576 0.445662
0.0202667 0.446287
0.0202672 0.446912
0.0202766 0.447538
0.0202889 0.448164
0.0202896 0.44879
0.0203117 0.449417
0.020339 0.450044
0.02037 0.450672
0.0203917 0.4513
0.0203928 0.451928
0.0204008 0.452557
0.0204073 0.453186
0.0204156 0.453815
0.0204158 0.454445
0.0204259 0.455076
0.0204595 0.455706
0.0204603 0.456337
0.0204805 0.456969
0.0205394 0.457601
0.0205601 0.458233
0.0205666 0.458866
0.0205675 0.459499
0.0206432 0.460133
0.0206515 0.460766
0.0206689 0.461401
0.0206825 0.462035
0.0207137 0.462671
0.0207324 0.463306
0.0207819 0.463942
0.020793 0.464578
0.0208642 0.465215
0.0208672 0.465852
0.0208673 0.46649
0.0208923 0.467128
0.0209216 0.467766
0.0209339 0.468405
0.0209673 0.469044
0.0209862 0.469684
0.0210006 0.470324
0.0210494 0.470964
0.0211168 0.471605
0.0211643 0.472246
0.021186 0.472888
0.0211969 0.47353
0.0211986 0.474172
0.0212179 0.474815
0.0212266 0.475458
0.0212383 0.476102
0.0212406 0.476746
0.021256 0.477391
0.021269 0.478036
0.0212882 0.478681
0.0213431 0.479327
0.0213849 0.479973
0.0214133 0.48062
0.0214193 0.481267
0.0214332 0.481914
0.0214846 0.482562
0.0214883 0.48321
0.0215051 0.483859
0.0215512 0.484508
0.0215522 0.485158
0.021587 0.485808
0.0216053 0.486458
0.0216067 0.487109
0.0216208 0.48776
0.0216398 0.488412
0.0216743 0.489064
0.0216765 0.489717
0.0217139 0.49037
0.0217543 0.491023
0.0218255 0.491677
0.0218882 0.492331
0.021937 0.492986
0.021947 0.493641
0.021982 0.494296
0.0219989 0.494952
0.0220764 0.495609
0.0221159 0.496265
0.0221583 0.496923
0.0222219 0.49758
0.0222309 0.498239
0.0222432 0.498897
0.0222639 0.499556
0.0222766 0.500215
0.0223579 0.500875
0.0224515 0.501536
0.0224538 0.502196
0.0224739 0.502857
0.0225671 0.503519
0.0225757 0.504181
0.0225995 0.504844
0.0226012 0.505506
0.022648 0.50617
0.0226646 0.506834
0.0226837 0.507498
0.0227052 0.508163
0.0227219 0.508828
0.0227646 0.509493
0.0227666 0.510159
0.0227952 0.510826
0.0228198 0.511493
0.0228688 0.51216
0.0229125 0.512828
0.0230323 0.513496
0.0230665 0.514165
0.0230826 0.514834
0.0231135 0.515503
0.0231202 0.516173
0.023145 0.516844
0.0231512 0.517515
0.023192 0.518186
0.0232032 0.518858
0.0232409 0.51953
0.0232449 0.520203
0.0232463 0.520876
0.0232758 0.52155
0.0232851 0.522224
0.0233041 0.522898
0.0233576 0.523573
0.0233884 0.524249
0.0233945 0.524925
0.023416 0.525601
0.0234246 0.526278
0.0234676 0.526955
0.023469 0.527633
0.023534 0.528311
0.0235678 0.52899
0.0235756 0.529669
0.0236047 0.530348
0.0236051 0.531028
0.0236625 0.531709
0.0237327 0.53239
0.0237524 0.533071
0.023884 0.533753
0.0239341 0.534435
0.0239444 0.535118
0.0239537 0.535802
0.0239764 0.536485
0.0239837 0.53717
0.0239975 0.537854
0.0240393 0.538539
0.0241113 0.539225
0.0241357 0.539911
0.0241533 0.540598
0.0241849 0.541285
0.0242073 0.541972
0.024211 0.54266
0.0242618 0.543349
0.0243063 0.544038
0.0243221 0.544727
0.024354 0.545417
0.0243579 0.546107
0.0243716 0.546798
0.0243809 0.54749
0.0243882 0.548181
0.0244446 0.548874
0.0244515 0.549566
0.0244582 0.55026
0.0246129 0.550953
0.0246184 0.551648
0.0247221 0.552342
0.0247662 0.553037
0.024801 0.553733
0.0248063 0.554429
0.0248603 0.555126
0.0248756 0.555823
0.0248886 0.556521
0.0249786 0.557219
0.0249849 0.557917
0.0249943 0.558616
0.0250258 0.559316
0.0250296 0.560016
0.0250384 0.560716
0.025042 0.561417
0.0250446 0.562119
0.0250919 0.562821
0.0251029 0.563523
0.0251332 0.564226
0.0251626 0.56493
0.0251718 0.565634
0.0251721 0.566338
0.0251857 0.567043
0.0251887 0.567749
0.0252304 0.568455
0.0252455 0.569161
0.0252966 0.569868
0.0252971 0.570576
0.0252997 0.571284
0.025458 0.571992
0.0254905 0.572701
0.0255286 0.57341
0.0255471 0.57412
0.025565 0.574831
0.0255724 0.575542
0.0256805 0.576253
0.0256973 0.576965
0.0257033 0.577678
0.0257446 0.578391
0.0257872 0.579104
0.0257975 0.579818
0.0258178 0.580533
0.0259165 0.581248
0.0261215 0.581964
0.0261256 0.58268
0.0261823 0.583396
0.0261983 0.584113
0.0262069 0.584831
0.0262704 0.585549
0.0262843 0.586268
0.026365 0.586987
0.0263818 0.587707
0.0263897 0.588427
0.0264029 0.589148
0.0264655 0.589869
0.0264726 0.590591
0.0264922 0.591313
0.0265153 0.592036
0.0265512 0.592759
0.0265858 0.593483
0.0266101 0.594207
0.0266207 0.594932
0.0266323 0.595658
0.0266533 0.596384
0.026719 0.59711
0.0267339 0.597837
0.0267955 0.598565
0.0268086 0.599293
0.0268404 0.600021
0.0268592 0.60075
0.0268901 0.60148
0.026993 0.60221
0.0269949 0.602941
0.027063 0.603672
0.0270661 0.604404
0.0270916 0.605136
0.0271524 0.605869
0.0272288 0.606603
0.0272305 0.607337
0.0272545 0.608071
0.0272576 0.608806
0.0272616 0.609542
0.027283 0.610278
0.0272997 0.611014
0.0274241 0.611752
0.027503 0.612489
0.0275045 0.613228
0.027514 0.613966
0.0275509 0.614706
0.0276286 0.615446
0.0276305 0.616186
0.0277025 0.616927
0.0277846 0.617669
0.0278275 0.618411
0.0279362 0.619154
0.0279442 0.619897
0.0279548 0.62064
0.0279651 0.621385
0.0280088 0.62213
0.0280246 0.622875
0.0281134 0.623621
0.0281291 0.624368
0.0281463 0.625115
0.0282103 0.625862
0.028238 0.626611
0.0282545 0.627359
0.028354 0.628109
0.0283748 0.628859
0.0283872 0.629609
0.0284139 0.63036
0.0284308 0.631112
0.0284783 0.631864
0.0285148 0.632617
0.0285265 0.63337
0.0285821 0.634124
0.0286924 0.634878
0.0287173 0.635633
0.0287318 0.636389
0.0287421 0.637145
0.0287499 0.637902
0.0287998 0.638659
0.0288155 0.639417
0.0288537 0.640175
0.0288549 0.640934
0.0288668 0.641694
0.0288679 0.642454
0.0288977 0.643215
0.0289672 0.643976
0.0289755 0.644738
0.0290453 0.645501
0.0291043 0.646264
0.0291096 0.647027
0.0291373 0.647791
0.0291489 0.648556
0.0291829 0.649322
0.0291919 0.650088
0.029284 0.650854
0.0294157 0.651621
0.0295792 0.652389
0.0295927 0.653158
0.0295994 0.653926
0.0296257 0.654696
0.0296776 0.655466
0.0296906 0.656237
0.029817 0.657008
0.0298666 0.65778
0.0299324 0.658553
0.0299446 0.659326
0.0299534 0.660099
0.0300017 0.660874
0.0300888 0.661649
0.0301097 0.662424
0.0301421 0.6632
0.0301693 0.663977
0.0301783 0.664754
0.0301819 0.665532
0.0302173 0.666311
0.0302488 0.66709
0.0302614 0.667869
0.0302647 0.66865
0.0303509 0.669431
0.0303775 0.670212
0.030484 0.670994
0.0305828 0.671777
0.0306443 0.672561
0.0307311 0.673345
0.0307514 0.674129
0.0307714 0.674914
0.0308034 0.6757
0.0308066 0.676487
0.0308305 0.677274
0.0308696 0.678062
0.0309094 0.67885
0.0309266 0.679639
0.0309511 0.680428
0.0309697 0.681219
0.0309769 0.682009
0.0309865 0.682801
0.0310216 0.683593
0.0310812 0.684386
0.031138 0.685179
0.0311572 0.685973
0.0311602 0.686768
0.0311643 0.687563
0.0312103 0.688359
0.0312199 0.689155
0.0312583 0.689952
0.0312868 0.69075
0.0312937 0.691548
0.0312963 0.692348
0.0313376 0.693147
0.0313564 0.693948
0.0313564 0.694748
0.0313738 0.69555
0.0314152 0.696352
0.0314157 0.697155
0.0314834 0.697959
0.0315352 0.698763
0.0315549 0.699568
0.0315568 0.700373
0.0315626 0.701179
0.031584 0.701986
0.0316651 0.702794
0.0316685 0.703602
0.0316904 0.70441
0.0317326 0.70522
0.0317678 0.70603
0.031788 0.706841
0.031792 0.707652
0.0318655 0.708464
0.0318679 0.709277
0.0318734 0.71009
0.0318831 0.710904
0.0319057 0.711719
0.0319551 0.712534
0.0320186 0.71335
0.0320623 0.714167
0.0321626 0.714984
0.0321813 0.715802
0.0321885 0.716621
0.0322073 0.71744
0.0322469 0.71826
0.0322979 0.719081
0.032323 0.719902
0.0323401 0.720724
0.0323984 0.721547
0.0324713 0.72237
0.0324976 0.723194
0.0325041 0.724019
0.0325212 0.724844
0.0326794 0.72567
0.0327559 0.726497
0.0328038 0.727325
0.032846 0.728153
0.0328697 0.728982
0.0328769 0.729811
0.0329138 0.730641
0.0329373 0.731472
0.0330548 0.732304
0.0330636 0.733136
0.0330719 0.733969
0.0331455 0.734803
0.0331647 0.735637
0.0331853 0.736472
0.0332768 0.737308
0.0333163 0.738145
0.0333246 0.738982
0.0333395 0.73982
0.0333488 0.740658
0.0333744 0.741497
0.0334044 0.742337
0.0334261 0.743178
0.033518 0.74402
0.0335455 0.744862
0.0335711 0.745704
0.0336233 0.746548
0.033648 0.747392
0.0336576 0.748237
0.0336855 0.749083
0.0337926 0.749929
0.0337991 0.750776
0.0338115 0.751624
0.0338248 0.752473
0.033866 0.753322
0.0339527 0.754172
0.0339611 0.755023
0.0339664 0.755874
0.0340059 0.756726
0.0340564 0.757579
0.0340849 0.758433
0.0341152 0.759287
0.0341164 0.760142
0.0341485 0.760998
0.0342089 0.761854
0.0342375 0.762712
0.034269 0.76357
0.0343415 0.764428
0.0343498 0.765288
0.034387 0.766148
0.0343917 0.767009
0.0344218 0.767871
0.0344666 0.768733
0.0344711 0.769596
0.0345503 0.77046
0.0345505 0.771325
0.0346035 0.77219
0.0346266 0.773057
0.0347059 0.773923
0.0347399 0.774791
0.0347534 0.77566
0.0347618 0.776529
0.0348066 0.777399
0.0348393 0.778269
0.0348673 0.779141
0.0349189 0.780013
0.0349818 0.780886
0.0350405 0.78176
0.0350573 0.782634
0.0350794 0.78351
0.0350796 0.784386
0.0350983 0.785262
0.0351103 0.78614
0.0351686 0.787018
0.0351944 0.787898
0.0352094 0.788777
0.0352222 0.789658
0.0353046 0.79054
0.0353466 0.791422
0.0353613 0.792305
0.0354016 0.793189
0.0354498 0.794073
0.0355223 0.794958
0.0355758 0.795845
0.0356131 0.796731
0.0356382 0.797619
0.0356732 0.798508
0.035674 0.799397
0.0357099 0.800287
0.0357563 0.801178
0.0357579 0.80207
0.0357679 0.802962
0.0357856 0.803855
0.0358196 0.804749
0.0358384 0.805644
0.0358663 0.80654
0.0359115 0.807436
0.0359209 0.808334
0.0359769 0.809232
0.0360144 0.810131
0.036064 0.81103
0.0360839 0.811931
0.0361099 0.812832
0.0361758 0.813734
0.0361825 0.814637
0.0362416 0.815541
0.0362578 0.816445
0.0363353 0.817351
0.0364305 0.818257
0.0364475 0.819164
0.0365195 0.820072
0.0365445 0.820981
0.0365541 0.82189
0.0365723 0.8228
0.0366292 0.823712
0.0366364 0.824624
0.036679 0.825536
0.0367109 0.82645
0.0367321 0.827365
0.0367402 0.82828
0.0367662 0.829196
0.0367663 0.830113
0.0368114 0.831031
0.0368281 0.83195
0.0368349 0.832869
0.0368366 0.83379
0.036848 0.834711
0.0368651 0.835633
0.0368654 0.836556
0.0370377 0.83748
0.0370987 0.838404
0.0371098 0.83933
0.0371463 0.840256
0.0371828 0.841183
0.0371875 0.842111
0.0372404 0.84304
0.0373229 0.84397
0.0373357 0.844901
0.037348 0.845832
0.0373904 0.846765
0.0373915 0.847698
0.0374124 0.848632
0.0374954 0.849567
0.0375091 0.850503
0.0375145 0.85144
0.0375366 0.852377
0.0375987 0.853316
0.0376498 0.854255
0.0376749 0.855196
0.0377403 0.856137
0.0377883 0.857079
0.0378048 0.858022
0.037829 0.858966
0.0378636 0.85991
0.0379189 0.860856
0.0380577 0.861803
0.0380623 0.86275
0.0380793 0.863698
0.0381967 0.864647
0.0382214 0.865598
0.0382934 0.866549
0.0383003 0.867501
0.0384253 0.868453
0.0384298 0.869407
0.0384725 0.870362
0.038608 0.871317
0.0386622 0.872274
0.0387353 0.873231
0.0387444 0.87419
0.0388319 0.875149
0.038837 0.876109
0.0388413 0.87707
0.0388691 0.878032
0.0389764 0.878995
0.0390739 0.879959
0.0391364 0.880924
0.0391919 0.881889
0.0391994 0.882856
0.0392494 0.883824
0.0393296 0.884792
0.0393726 0.885762
0.0394021 0.886732
0.0395035 0.887703
0.0396458 0.888676
0.0396608 0.889649
0.0397209 0.890623
0.0398295 0.891598
0.0398859 0.892574
0.0399083 0.893551
0.0399288 0.894529
0.0399393 0.895508
0.0399743 0.896488
0.0399924 0.897469
0.0400006 0.898451
0.0400065 0.899434
0.04001 0.900417
0.0400966 0.901402
0.0401103 0.902388
0.0401107 0.903375
0.0401424 0.904362
0.0401663 0.905351
0.0402646 0.90634
0.0404764 0.907331
0.04049 0.908323
0.040496 0.909315
0.0405272 0.910309
0.040582 0.911303
0.0405987 0.912299
0.0407215 0.913295
0.04075 0.914293
0.0407793 0.915291
0.0408106 0.916291
0.0408446 0.917291
0.0408875 0.918293
0.0409492 0.919295
0.0410159 0.920299
0.041025 0.921303
0.0410459 0.922309
0.0410542 0.923315
0.0410947 0.924323
0.0411243 0.925331
0.0411388 0.926341
0.0411409 0.927352
0.0411579 0.928363
0.0412746 0.929376
0.0412886 0.93039
0.0413101 0.931404
0.0413411 0.93242
0.0413413 0.933437
0.0413526 0.934455
0.0413691 0.935474
0.0413775 0.936493
0.0413816 0.937514
0.0414955 0.938536
0.0415071 0.939559
0.0415346 0.940583
0.0415814 0.941609
0.0416452 0.942635
0.0416634 0.943662
0.0417805 0.94469
0.0417873 0.94572
0.0418116 0.94675
0.0418374 0.947781
0.041882 0.948814
0.0419652 0.949848
0.041998 0.950882
0.0420046 0.951918
0.0420513 0.952955
0.0420635 0.953993
0.0421457 0.955032
0.0421473 0.956072
0.0421728 0.957113
0.042268 0.958155
0.0422903 0.959198
0.0423115 0.960243
0.0423619 0.961288
0.0423658 0.962335
0.0424154 0.963382
0.0424469 0.964431
0.0424672 0.965481
0.0425144 0.966532
0.0425351 0.967584
0.0425466 0.968637
0.0425995 0.969692
0.0426183 0.970747
0.0426832 0.971803
0.0426941 0.972861
0.0427056 0.97392
0.042722 0.97498
0.0427249 0.976041
0.0427564 0.977103
0.0427997 0.978166
0.04287 0.979231
0.0429451 0.980296
0.0429885 0.981363
0.0430969 0.982431
0.0431003 0.983499
0.0431919 0.98457
0.0431981 0.985641
0.0432096 0.986713
0.0432197 0.987787
0.0432315 0.988861
0.0432892 0.989937
0.0433044 0.991014
0.0433711 0.992092
0.0434114 0.993172
0.043423 0.994252
0.0434245 0.995334
0.043504 0.996417
0.0435923 0.997501
0.0436348 0.998586
0.0436717 0.999672
0.0437095 1.00076
0.0437404 1.00185
0.0438399 1.00294
0.0439171 1.00403
0.0440833 1.00512
0.0441758 1.00622
0.0441855 1.00731
0.0441929 1.00841
0.0442396 1.0095
0.0442681 1.0106
0.0442767 1.0117
0.0443738 1.0128
0.0443751 1.0139
0.0443776 1.01501
0.0444132 1.01611
0.0445581 1.01722
0.0445914 1.01832
0.0446655 1.01943
0.0448409 1.02054
0.0449721 1.02165
0.0449792 1.02276
0.045035 1.02388
0.0450972 1.02499
0.0451366 1.02611
0.0451726 1.02722
0.0452498 1.02834
0.0454729 1.02946
0.0454756 1.03058
0.0454802 1.0317
0.0455203 1.03282
0.0456255 1.03395
0.045854 1.03507
0.0459083 1.0362
0.0459427 1.03733
0.0460081 1.03846
0.0460108 1.03959
0.0460774 1.04072
0.0460849 1.04185
0.0461934 1.04299
0.0462256 1.04412
0.0463259 1.04526
0.0463578 1.0464
0.0463985 1.04754
0.046435 1.04868
0.0464463 1.04982
0.0464659 1.05097
0.0465379 1.05211
0.0465389 1.05326
0.0465396 1.0544
0.0465537 1.05555
0.0465551 1.0567
0.0469167 1.05785
0.0469332 1.05901
0.0469621 1.06016
0.0471256 1.06132
0.0471695 1.06247
0.0471857 1.06363
0.0472466 1.06479
0.0472498 1.06595
0.0472863 1.06711
0.0472927 1.06828
0.047328 1.06944
0.0475089 1.07061
0.0475475 1.07178
0.0475663 1.07294
0.0476099 1.07411
0.0476355 1.07529
0.0477258 1.07646
0.0477351 1.07763
0.0477507 1.07881
0.0478387 1.07999
0.0478611 1.08117
0.0478708 1.08235
0.0479536 1.08353
0.0480302 1.08471
0.048041 1.08589
0.048058 1.08708
0.0481693 1.08827
0.0481769 1.08945
0.0482365 1.09064
0.0482829 1.09184
0.0483233 1.09303
0.048448 1.09422
0.0484788 1.09542
0.0485366 1.09661
0.0485599 1.09781
0.0485805 1.09901
0.0485822 1.10021
0.0488323 1.10142
0.0488587 1.10262
0.0489079 1.10383
0.0489644 1.10503
0.0489737 1.10624
0.049065 1.10745
0.0490796 1.10866
0.0491174 1.10988
0.0491519 1.11109
0.0491705 1.11231
0.0492281 1.11352
0.0492773 1.11474
0.0492973 1.11596
0.0493954 1.11718
0.0494031 1.11841
0.0494095 1.11963
0.0494515 1.12086
0.0496739 1.12209
0.0496987 1.12331
0.0497783 1.12455
0.049787 1.12578
0.0498457 1.12701
0.0499349 1.12825
0.0500278 1.12948
0.0500898 1.13072
0.0501545 1.13196
0.0501635 1.1332
0.0501795 1.13445
0.0502214 1.13569
0.0503088 1.13694
0.0503095 1.13819
0.050331 1.13943
0.0503944 1.14069
0.0504143 1.14194
0.0504382 1.14319
0.0504427 1.14445
0.0505971 1.1457
0.0507142 1.14696
0.050846 1.14822
0.0509097 1.14948
0.0510033 1.15075
0.0512658 1.15201
0.051268 1.15328
0.0513427 1.15455
0.0513625 1.15582
0.0515281 1.15709
0.0515377 1.15836
0.0516835 1.15964
0.0516858 1.16091
0.0516875 1.16219
0.0517298 1.16347
0.0517876 1.16475
0.0518952 1.16603
0.051971 1.16732
0.0520419 1.16861
0.0520786 1.16989
0.0521003 1.17118
0.0521056 1.17247
0.0521488 1.17377
0.052156 1.17506
0.0521648 1.17636
0.0521847 1.17766
0.0521923 1.17896
0.0522368 1.18026
0.0522555 1.18156
0.052263 1.18286
0.0522813 1.18417
0.0523838 1.18548
0.0524305 1.18679
0.0524581 1.1881
0.05246 1.18941
0.0524622 1.19073
0.0525453 1.19204
0.0525606 1.19336
0.0525741 1.19468
0.0526163 1.196
0.0527352 1.19733
0.0527828 1.19865
0.0529046 1.19998
0.0529249 1.20131
0.0529622 1.20264
0.0529743 1.20397
0.0530281 1.20531
0.0530475 1.20664
0.0530598 1.20798
0.0531379 1.20932
0.0532268 1.21066
0.0534024 1.212
0.0534603 1.21335
0.0536114 1.2147
0.0537733 1.21605
0.0538515 1.2174
0.0539816 1.21875
0.0540212 1.2201
0.0541641 1.22146
0.0543216 1.22282
0.0547194 1.22418
0.0548329 1.22554
0.0548478 1.2269
0.0548929 1.22827
0.0549548 1.22963
0.0549826 1.231
0.0550603 1.23237
0.0551194 1.23374
0.0551718 1.23512
0.0551902 1.2365
0.0552392 1.23787
0.0553706 1.23925
0.0553723 1.24064
0.0554301 1.24202
0.0554758 1.24341
0.0556059 1.24479
0.0556496 1.24618
0.055709 1.24758
0.0557104 1.24897
0.0557423 1.25037
0.0558276 1.25176
0.0558702 1.25316
0.0561557 1.25456
0.0561694 1.25597
0.0562245 1.25737
0.0562968 1.25878
0.0563746 1.26019
0.0563761 1.2616
0.0563818 1.26302
0.0564704 1.26443
0.0565131 1.26585
0.0565753 1.26727
0.0567089 1.26869
0.0567783 1.27011
0.0568241 1.27154
0.057061 1.27297
0.0571081 1.2744
0.0572601 1.27583
0.057281 1.27726
0.0573234 1.2787
0.0575906 1.28013
0.0575975 1.28157
0.0576374 1.28302
0.0577075 1.28446
0.0577974 1.28591
0.0577979 1.28735
0.057847 1.2888
0.0578519 1.29026
0.0578817 1.29171
0.057969 1.29317
0.0580201 1.29463
0.0580275 1.29609
0.058181 1.29755
0.0582012 1.29902
0.0582014 1.30048
0.0582447 1.30195
0.0582982 1.30342
0.0583085 1.3049
0.0583646 1.30637
0.0585851 1.30785
0.0586474 1.30933
0.0586736 1.31082
0.0587176 1.3123
0.0588443 1.31379
0.058879 1.31528
0.0589284 1.31677
0.0590606 1.31826
0.0591 1.31976
0.0591721 1.32126
0.0591975 1.32276
0.0591976 1.32426
0.0593074 1.32576
0.0594069 1.32727
0.0594557 1.32878
0.0594851 1.33029
0.0595917 1.33181
0.0596148 1.33332
0.059693 1.33484
0.0599751 1.33636
0.0599924 1.33789
0.0601098 1.33941
0.0602979 1.34094
0.0603778 1.34247
0.0603858 1.344
0.0604967 1.34554
0.0605968 1.34707
0.0605991 1.34861
0.0606169 1.35016
0.0606553 1.3517
0.060748 1.35325
0.0608176 1.3548
0.0609433 1.35635
0.0610073 1.3579
0.0610418 1.35946
0.0610762 1.36102
0.0611045 1.36258
0.0612129 1.36414
0.0612549 1.36571
0.0612827 1.36728
0.0613988 1.36885
0.0614059 1.37042
0.0614467 1.372
0.0615042 1.37358
0.0615548 1.37516
0.0616225 1.37674
0.0616274 1.37833
0.0616301 1.37991
0.0616435 1.38151
0.061772 1.3831
0.0618667 1.3847
0.061885 1.38629
0.0619386 1.3879
0.0619991 1.3895
0.0620263 1.39111
0.0620575 1.39271
0.0622284 1.39433
0.0622665 1.39594
0.062342 1.39756
0.0624258 1.39918
0.0624722 1.4008
0.0624925 1.40242
0.0625438 1.40405
0.0625824 1.40568
0.0628562 1.40731
0.0628706 1.40895
0.0629689 1.41059
0.0630239 1.41223
0.0631008 1.41387
0.0631344 1.41552
0.0631698 1.41717
0.0633846 1.41882
0.0635025 1.42047
0.0637083 1.42213
0.0637165 1.42379
0.0637587 1.42545
0.0638646 1.42712
0.0639204 1.42878
0.0641494 1.43046
0.0643969 1.43213
0.0645153 1.43381
0.0646892 1.43548
0.0647951 1.43717
0.0648213 1.43885
0.0649829 1.44054
0.0651002 1.44223
0.0651818 1.44392
0.0652715 1.44562
0.065273 1.44732
0.06536 1.44902
0.0654279 1.45073
0.0654489 1.45243
0.0654629 1.45415
0.0654964 1.45586
0.0655559 1.45758
0.0657139 1.4593
0.0658059 1.46102
0.0658771 1.46274
0.0659082 1.46447
0.0660057 1.4662
0.0661915 1.46794
0.0662128 1.46968
0.0664586 1.47142
0.0664676 1.47316
0.0665897 1.47491
0.0666659 1.47666
0.0667672 1.47841
0.0669381 1.48017
0.0669469 1.48192
0.0669861 1.48369
0.067037 1.48545
0.0670523 1.48722
0.0672207 1.48899
0.0672507 1.49077
0.067437 1.49254
0.0675152 1.49433
0.0677238 1.49611
0.0679572 1.4979
0.0681941 1.49969
0.0682398 1.50148
0.0684108 1.50328
0.068478 1.50508
0.0686142 1.50688
0.0687015 1.50869
0.0687018 1.5105
0.0687501 1.51231
0.068815 1.51413
0.068935 1.51595
0.0689761 1.51777
0.069013 1.5196
0.0691291 1.52143
0.0692398 1.52326
0.0692714 1.5251
0.0693988 1.52694
0.069509 1.52878
0.0697237 1.53063
0.06978 1.53248
0.069787 1.53433
0.0700443 1.53619
0.0700549 1.53805
0.070063 1.53991
0.0700655 1.54178
0.0701149 1.54365
0.070138 1.54552
0.0702367 1.5474
0.0702965 1.54928
0.0703333 1.55117
0.0703879 1.55306
0.0705072 1.55495
0.07052 1.55685
0.0705856 1.55874
0.0706872 1.56065
0.070764 1.56255
0.0710524 1.56446
0.0711564 1.56638
0.0711943 1.5683
0.0712667 1.57022
0.071289 1.57214
0.0714156 1.57407
0.0714262 1.576
0.0714527 1.57794
0.0715359 1.57988
0.0715502 1.58182
0.0716076 1.58377
0.0716408 1.58572
0.0716523 1.58768
0.0717819 1.58964
0.0718109 1.5916
0.0718319 1.59356
0.0719141 1.59554
0.0719363 1.59751
0.0722455 1.59949
0.0722508 1.60147
0.0722729 1.60346
0.0722798 1.60545
0.0723554 1.60744
0.0725057 1.60944
0.0725414 1.61144
0.0725745 1.61345
0.0726143 1.61546
0.0726619 1.61747
0.0727017 1.61949
0.0728157 1.62151
0.0728969 1.62354
0.0729053 1.62557
0.0729627 1.6276
0.0729803 1.62964
0.072986 1.63168
0.0730851 1.63373
0.0731417 1.63578
0.0731681 1.63784
0.0734842 1.6399
0.0736272 1.64196
0.0738837 1.64403
0.0739249 1.6461
0.0740157 1.64818
0.0742728 1.65026
0.0742748 1.65235
0.0743226 1.65444
0.0744601 1.65653
0.0746634 1.65863
0.0750469 1.66073
0.0751153 1.66284
0.0754015 1.66495
0.0754286 1.66707
0.0754458 1.66919
0.0755568 1.67131
0.0757072 1.67344
0.0758305 1.67558
0.0759794 1.67772
0.0760179 1.67986
0.0761193 1.68201
0.0762123 1.68416
0.0762824 1.68632
0.0763701 1.68848
0.0764351 1.69065
0.0764383 1.69282
0.0766247 1.695
0.0766445 1.69718
0.0768493 1.69936
0.0771587 1.70155
0.0773645 1.70375
0.0774763 1.70595
0.0775216 1.70815
0.077523 1.71036
0.0776342 1.71258
0.0776938 1.7148
0.0777257 1.71702
0.0778176 1.71925
0.0779612 1.72149
0.0780367 1.72373
0.0780781 1.72597
0.0780791 1.72822
0.07819 1.73048
0.0783721 1.73274
0.0785502 1.735
0.0789094 1.73727
0.079064 1.73955
0.0790744 1.74183
0.0792349 1.74411
0.0796644 1.7464
0.0797866 1.7487
0.0799734 1.751
0.080171 1.75331
0.0802108 1.75562
0.0802245 1.75794
0.0802319 1.76026
0.0802872 1.76259
0.0802912 1.76492
0.0804375 1.76726
0.0804972 1.76961
0.0805237 1.77196
0.0805428 1.77431
0.0806065 1.77667
0.0806174 1.77904
0.0810482 1.78141
0.0813712 1.78379
0.0813786 1.78618
0.0814532 1.78856
0.0815604 1.79096
0.0816816 1.79336
0.0817366 1.79577
0.0818976 1.79818
0.0819142 1.8006
0.082299 1.80302
0.0823458 1.80545
0.0826305 1.80789
0.0827598 1.81033
0.0830244 1.81278
0.0830854 1.81523
0.0831341 1.81769
0.0834688 1.82016
0.0836099 1.82263
0.0837955 1.82511
0.0838741 1.82759
0.0839141 1.83008
0.0839749 1.83258
0.0842918 1.83508
0.0843016 1.83759
0.0843884 1.84011
0.0844558 1.84263
0.084671 1.84516
0.0848221 1.8477
0.0849673 1.85024
0.0851593 1.85278
0.0853758 1.85534
0.0857379 1.8579
0.0857405 1.86047
0.0860526 1.86304
0.0860609 1.86562
0.086649 1.86821
0.086736 1.8708
0.0867957 1.8734
0.0868603 1.87601
0.0870261 1.87863
0.0875697 1.88125
0.0877195 1.88387
0.0877705 1.88651
0.0878517 1.88915
0.0879154 1.8918
0.0881241 1.89446
0.0881708 1.89712
0.0884013 1.89979
0.0887283 1.90247
0.0891757 1.90515
0.0894565 1.90784
0.0895874 1.91054
0.0896279 1.91325
0.0896312 1.91596
0.0897236 1.91868
0.0897773 1.92141
0.0900487 1.92415
0.0900794 1.92689
0.0902113 1.92964
0.0902232 1.9324
0.0903174 1.93517
0.0903203 1.93794
0.090387 1.94072
0.0904123 1.94351
0.090571 1.94631
0.0905748 1.94912
0.0905864 1.95193
0.0906055 1.95475
0.0907507 1.95758
0.0908951 1.96041
0.0912872 1.96326
0.0913245 1.96611
0.0913376 1.96897
0.091576 1.97184
0.091974 1.97472
0.0922837 1.97761
0.0923073 1.9805
0.0924734 1.9834
0.092532 1.98632
0.0927481 1.98924
0.0932035 1.99216
0.093518 1.9951
0.0935577 1.99805
0.0936431 2.001
0.0938454 2.00396
0.0941322 2.00693
0.0941678 2.00992
0.0942957 2.01291
0.0943276 2.0159
0.0943893 2.01891
0.0944547 2.02193
0.0946182 2.02495
0.0947827 2.02799
0.094804 2.03103
0.0949183 2.03409
0.0953658 2.03715
0.0954452 2.04022
0.0954638 2.0433
0.0956656 2.04639
0.0957148 2.04949
0.0958041 2.0526
0.0958997 2.05573
0.0963782 2.05885
0.0964768 2.06199
0.0966192 2.06514
0.0966383 2.0683
0.0966412 2.07147
0.0969689 2.07465
0.0973756 2.07784
0.0975253 2.08104
0.0978652 2.08425
0.0979071 2.08747
0.0979895 2.0907
0.0980089 2.09395
0.0985103 2.0972
0.0989907 2.10046
0.0993221 2.10373
0.0994617 2.10702
0.0994839 2.11031
0.100051 2.11362
0.100275 2.11694
0.100378 2.12026
0.100769 2.1236
0.100979 2.12695
0.101141 2.13031
0.10133 2.13369
0.101383 2.13707
0.101384 2.14047
0.101597 2.14387
0.1017 2.14729
0.102077 2.15072
0.102313 2.15417
0.102441 2.15762
0.10249 2.16109
0.102998 2.16456
0.103009 2.16805
0.10313 2.17156
0.103272 2.17507
0.103295 2.1786
0.103701 2.18214
0.103944 2.18569
0.103958 2.18926
0.104115 2.19283
0.104339 2.19642
0.104464 2.20003
0.104651 2.20365
0.104695 2.20727
0.104983 2.21092
0.105528 2.21457
0.105765 2.21824
0.105794 2.22193
0.105868 2.22562
0.106249 2.22933
0.106476 2.23306
0.106699 2.2368
0.106863 2.24055
0.106884 2.24432
0.107399 2.2481
0.107762 2.25189
0.107769 2.2557
0.10783 2.25953
0.107859 2.26336
0.108102 2.26722
0.108272 2.27109
0.108673 2.27497
0.108781 2.27887
0.109567 2.28278
0.109639 2.28671
0.109672 2.29066
0.109725 2.29462
0.110068 2.29859
0.110283 2.30259
0.110366 2.30659
0.11045 2.31062
0.110648 2.31466
0.110979 2.31871
0.111586 2.32279
0.111642 2.32688
0.11169 2.33098
0.111972 2.33511
0.111998 2.33925
0.112381 2.34341
0.112404 2.34758
0.112556 2.35178
0.112607 2.35599
0.113156 2.36021
0.113329 2.36446
0.113447 2.36872
0.113553 2.37301
0.114029 2.37731
0.11421 2.38163
0.114284 2.38597
0.114331 2.39032
0.114373 2.3947
0.114443 2.3991
0.114826 2.40351
0.114874 2.40795
0.114929 2.4124
0.115016 2.41687
0.115575 2.42137
0.116136 2.42588
0.116249 2.43042
0.116371 2.43497
0.11655 2.43955
0.11661 2.44415
0.11786 2.44877
0.117948 2.45341
0.118014 2.45807
0.118161 2.46275
0.118426 2.46746
0.118478 2.47219
0.118574 2.47694
0.11868 2.48171
0.118755 2.48651
0.118762 2.49133
0.119021 2.49617
0.119043 2.50104
0.11914 2.50593
0.119856 2.51084
0.120786 2.51578
0.120936 2.52074
0.121119 2.52573
0.121119 2.53074
0.121232 2.53578
0.121258 2.54084
0.121296 2.54593
0.121402 2.55105
0.121521 2.55619
0.121531 2.56136
0.121818 2.56655
0.121855 2.57177
0.121913 2.57702
0.122196 2.5823
0.122657 2.5876
0.122701 2.59294
0.123306 2.5983
0.123344 2.60369
0.123607 2.60911
0.123639 2.61456
0.123735 2.62004
0.124065 2.62555
0.124419 2.63109
0.124593 2.63666
0.12463 2.64226
0.124697 2.6479
0.124769 2.65356
0.125227 2.65926
0.125628 2.66499
0.125955 2.67075
0.126029 2.67655
0.126138 2.68238
0.126195 2.68825
0.126404 2.69415
0.127004 2.70008
0.127348 2.70605
0.127546 2.71206
0.127614 2.7181
0.127672 2.72418
0.127681 2.7303
0.127903 2.73645
0.128195 2.74264
0.128232 2.74887
0.128996 2.75514
0.129543 2.76145
0.129748 2.7678
0.130522 2.77419
0.131041 2.78062
0.131243 2.78709
0.132245 2.79361
0.132293 2.80017
0.132322 2.80677
0.132947 2.81341
0.133213 2.8201
0.133393 2.82683
0.133498 2.83361
0.133563 2.84044
0.133651 2.84731
0.134106 2.85423
0.13424 2.8612
0.134581 2.86822
0.134656 2.87529
0.134696 2.8824
0.134866 2.88957
0.135019 2.89679
0.135175 2.90407
0.135228 2.91139
0.136498 2.91877
0.136878 2.92621
0.137232 2.9337
0.137445 2.94124
0.137589 2.94885
0.137603 2.95651
0.138934 2.96423
0.139187 2.97202
0.139614 2.97986
0.141646 2.98776
0.142475 2.99573
0.143267 3.00376
0.143351 3.01186
0.1434 3.02002
0.143488 3.02826
0.143492 3.03655
0.143547 3.04492
0.143614 3.05336
0.144049 3.06187
0.144585 3.07046
0.146122 3.07911
0.146433 3.08785
0.147155 3.09666
0.148294 3.10555
0.148401 3.11452
0.149011 3.12357
0.149206 3.1327
0.149396 3.14191
0.149475 3.15122
0.150529 3.16061
0.151877 3.17009
0.151957 3.17966
0.151996 3.18932
0.152064 3.19907
0.153214 3.20893
0.153312 3.21888
0.153372 3.22893
0.153724 3.23908
0.154528 3.24934
0.154548 3.2597
0.155182 3.27017
0.156268 3.28075
0.157034 3.29145
0.159404 3.30226
0.160203 3.31319
0.160978 3.32424
0.162189 3.33541
0.163245 3.34671
0.16355 3.35814
0.163885 3.3697
0.166134 3.38139
0.166418 3.39323
0.166617 3.40521
0.166698 3.41733
0.167103 3.4296
0.16712 3.44202
0.167198 3.4546
0.169368 3.46734
0.170067 3.48024
0.174462 3.49331
0.176323 3.50656
0.176732 3.51998
0.176894 3.53359
0.177213 3.54738
0.177766 3.56137
0.177841 3.57555
0.177858 3.58994
0.178324 3.60454
0.179821 3.61935
0.180099 3.63439
0.180215 3.64966
0.18129 3.66516
0.182977 3.68091
0.183892 3.69691
0.184236 3.71317
0.18454 3.7297
0.186153 3.74651
0.18646 3.7636
0.187031 3.78099
0.190925 3.79869
0.191007 3.81671
0.192814 3.83506
0.193998 3.85375
0.195792 3.8728
0.195797 3.89222
0.196051 3.91202
0.197095 3.93223
0.197905 3.95284
0.198034 3.9739
0.198785 3.9954
0.199681 4.01738
0.199719 4.03986
0.202435 4.06285
0.20389 4.08638
0.205065 4.11047
0.20537 4.13517
0.206316 4.16048
0.206493 4.18646
0.208479 4.21313
0.216514 4.24053
0.220855 4.2687
0.221948 4.29769
0.222995 4.32754
0.223973 4.35831
0.228044 4.39006
0.22823 4.42285
0.233645 4.45675
0.234212 4.49184
0.237896 4.52821
0.240036 4.56595
0.243626 4.60517
0.2464 4.64599
0.25171 4.68855
0.25873 4.733
0.259071 4.77952
0.262254 4.82831
0.269783 4.87961
0.271222 4.93367
0.281811 4.99083
0.28669 5.05146
0.294027 5.116
0.297 5.18499
0.297494 5.2591
0.298101 5.33914
0.315691 5.42615
0.316635 5.52146
0.318847 5.62682
0.325593 5.7446
0.326914 5.87814
0.342002 6.03229
0.353752 6.21461
0.436475 6.43775
0.438848 6.72543
0.4566 7.1309
0.530608 7.82405
