1.01198
1.0167
1.01764
1.10353
1.05367
1.06065
1.05018
1.04252
1.00215
1.03471
1.10927
1.00558
1.03942
1.06181
1.01328
1.04069
1.01026
1.01035
1.0526
1.04464
1.04225
1.02375
1.06578
1.02916
1.02709
1.06215
1.06357
1.04346
1.06284
1.00174
1.01016
1.06048
1.00361
1.20461
1.04296
1.01117
1.08056
1.11913
1.08511
1.15436
1.00951
1.02545
1.00776
1.00304
1.00876
1.01817
1.06595
1.04653
1.10295
1.06098
1.0142
1.02683
1.00966
1.07258
1.04482
1.04708
1.07227
1.01157
1.03507
1.00587
1.13386
1.02195
1.02055
1.02612
1.06694
1.033
1.06754
1.00575
1.00565
1.06121
1.09482
1.00593
1.07496
1.00625
1.09423
1.00181
1.07865
1.00926
1.09515
1.00494
1.00592
1.01622
1.07198
1.03032
1.0026
1.09558
1.02601
1.02339
1.12117
1.04019
1.05704
1.00685
1.05353
1.04471
1.00039
1.07379
1.02953
1.02536
1.04765
1.02236
1.00049
1.06372
1.02273
1.00523
1.01533
1.03335
1.07423
1.03483
1.12838
1.01793
1.00285
1.1448
1.00451
1.03755
1.0513
1.11669
1.02249
1.12889
1.02466
1.057
1.08987
1.0276
1.01994
1.005
1.0068
1.04052
1.01014
1.0156
1.07591
1.04418
1.0357
1.02122
1.01635
1.01229
1.02836
1.03269
1.0364
1.00684
1.00416
1.09377
1.04557
1.19521
1.03495
1.01778
1.00605
1.06399
1.00786
1.13942
1.00619
1.00148
1.07944
1.10864
1.03636
1.05111
1.09093
1.02928
1.01076
1.0614
1.10045
1.02923
1.02468
1.00799
1.09217
1.00866
1.07389
1.03145
1.01475
1.03004
1.0016
1.03467
1.1046
1.05051
1.06956
1.00175
1.02424
1.04518
1.02736
1.00714
1.20566
1.03191
1.10442
1.13127
1.03572
1.0011
1.0105
1.07569
1.06521
1.0395
1.06727
1.02766
1.02549
1.10643
1.0432
1.04692
1.00569
1.04437
1.042
1.01287
1.02031
1.12526
1.05693
1.17733
1.00503
1.03271
1.01251
1.02542
1.02655
1.0967
1.00219
1.04404
1.01228
1.11386
1.10694
1.01784
1.07919
1.09892
1.03502
1.06873
1.04753
1.04701
1.08536
1.06769
1.08227
1.05342
1.00017
1.03055
1.00505
1.07641
1.11168
1.29573
1.00401
1.12922
1.16113
1.10065
1.02381
1.0959
1.00954
1.12179
1.00605
1.01902
1.12896
1.01042
1.02232
1.0323
1.03171
1.0487
1.09957
1.05842
1.02833
1.04267
1.02682
1.01921
1.07145
1.03071
1.03283
1.13644
1.14289
1.11159
1.04195
1.03112
1.01742
1.01536
1.07007
1.01827
1.01765
1.00068
1.10128
1.3473
1.02179
1.11037
1.03521
1.03542
1.03175
1.04446
1.04764
1.01671
1.11591
1.06489
1.00332
1.13854
1.00926
1.0276
1.021
1.0381
1.02286
1.01328
1.00636
1.08477
1.00031
1.05729
1.006
1.06762
1.0196
1.07292
1.01191
1.01446
1.00724
1.06985
1.01212
1.19389
1.00692
1.01648
1.07492
1.037
1.00796
1.02207
1.01227
1.10955
1.04601
1.0107
1.09769
1.00823
1.01899
1.03523
1.0492
1.08133
1.00781
1.12519
1.10559
1.25614
1.01413
1.01185
1.10227
1.09688
1.06096
1.12855
1.00812
1.07081
1.02763
1.00175
1.03002
1.03975
1.12013
1.09393
1.27941
1.03566
1.05363
1.06845
1.14709
1.03218
1.00121
1.0079
1.01383
1.01213
1.04361
1.06003
1.01639
1.12252
1.0519
1.12998
1.00361
1.03609
1.00931
1.00205
1.01072
1.03293
1.09899
1.06098
1.095
1.08517
1.03454
1.00788
1.00009
1.08347
1.03198
1.05672
1.01934
1.02746
1.06745
1.02884
1.02342
1.14456
1.03837
1.04902
1.01124
1.02241
1.00589
1.05233
1.0187
1.0175
1.00788
1.07495
1.07447
1.01866
1.03151
1.02067
1.01658
1.13682
1.02687
1.0771
1.03647
1.14001
1.03064
1.01592
1.03228
1.05173
1.00758
1.27587
1.18107
1.00544
1.02531
1.00485
1.05354
1.01692
1.03691
1.02335
1.02586
1.00189
1.07878
1.00018
1.01396
1.00279
1.00515
1.01296
1.06291
1.09817
1.00906
1.00498
1.03128
1.13249
1.02475
1.01999
1.02465
1.08292
1.0206
1.02218
1.05835
1.00621
1.09924
1.01135
1.0429
1.1121
1.06313
1.00267
1.07936
1.03027
1.0516
1.02456
1.07832
1.00313
1.08246
1.00839
1.02508
1.03859
1.00742
1.0449
1.11896
1.05358
1.04568
1.03206
1.0205
1.08498
1.06735
1.09212
1.04173
1.19876
1.00259
1.11492
1.05386
1.14025
1.05029
1.04221
1.0344
1.09168
1.03166
1.01418
1.03239
1.04221
1.02039
1.03163
1.02451
1.0357
1.1427
1.0045
1.0153
1.006
1.00987
1.00464
1.00182
1.01888
1.0244
1.05733
1.07112
1.14438
1.03752
1.06271
1.02303
1.05137
1.00556
1.02294
1.0156
1.00145
1.16411
1.09874
1.19455
1.00499
1.09463
1.02578
1.00256
1.0322
1.03157
1.1126
1.0133
1.01006
1.0051
1.04202
1.01797
1.06775
1.01866
1.16123
1.0516
1.04082
1.18199
1.07102
1.03532
1.10297
1.02889
1.06356
1.03394
1.05929
1.06442
1.01296
1.21409
1.04133
1.02248
1.0948
1.06337
1.08836
1.02972
1.05223
1.02675
1.02853
1.00518
1.01084
1.15404
1.01695
1.04091
1.01498
1.07943
1.01467
1.00446
1.00172
1.00406
1.00094
1.04964
1.00699
1.07258
1.00031
1.02922
1.15853
1.16711
1.02078
1.05993
1.07562
1.04742
1.01491
1.01721
1.02708
1.05383
1.01218
1.0005
1.07287
1.0056
1.00972
1.00591
1.01851
1.13423
1.06556
1.07836
1.00046
1.01569
1.06294
1.06924
1.01468
1.02985
1.22761
1.04523
1.00914
1.00677
1.04832
1.03622
1.22798
1.00013
1.01472
1.0159
1.0108
1.04978
1.05105
1.15494
1.34648
1.08326
1.02809
1.02061
1.01272
1.54724
1.11848
1.03206
1.04218
1.25104
1.03579
1.04518
1.01248
1.01478
1.14249
1.05974
1.04143
1.05335
1.01158
1.01369
1.00459
1.0348
1.0611
1.13831
1.02662
1.00582
1.00034
1.00305
1.06823
1.02179
1.01556
1.00371
1.02363
1.02062
1.05566
1.03918
1.01435
1.02375
1.02939
1.01122
1.2318
1.09634
1.0038
1.14148
1.25637
1.04805
1.02697
1.00289
1.03573
1.01536
1.00061
1.01824
1.22616
1.00056
1.0177
1.02817
1.03038
1.14669
1.10144
1.01856
1.07057
1.03165
1.10281
1.0872
1.02303
1.01334
1.01413
1.00718
1.14905
1.05667
1.19464
1.16402
1.04063
1.00419
1.00626
1.06034
1.10625
1.00173
1.03277
1.09807
1.1819
1.14144
1.01452
1.01234
1.02962
1.12315
1.02114
1.00063
1.03904
1.00864
1.02058
1.02115
1.11281
1.01725
1.03625
1.0396
1.00491
1.04951
1.07325
1.0987
1.01009
1.00531
1.10973
1.03084
1.03582
1.00326
1.01029
1.07848
1.10664
1.08952
1.18456
1.03963
1.01407
1.06236
1.00234
1.00642
1.00264
1.00141
1.07062
1.06714
1.14351
1.01072
1.06905
1.13769
1.0101
1.00824
1.03598
1.10146
1.01036
1.01949
1.00341
1.00591
1.00869
1.16557
1.05955
1.08172
1.05893
1.01038
1.02893
1.00317
1.01162
1.01563
1.00746
1.03422
1.03072
1.03411
1.05439
1.13604
1.13172
1.00611
1.05847
1.04716
1.08669
1.01737
1.28622
1.01765
1.15556
1.06454
1.00508
1.04842
1.08663
1.07032
1.0876
1.16914
1.11678
1.08353
1.03179
1.08952
1.05723
1.00949
1.02047
1.01029
1.12509
1.00553
1.02626
1.13281
1.06357
1.01853
1.0094
1.04517
1.0294
1.04082
1.01397
1.00586
1.07221
1.00719
1.01487
1.00629
1.00843
1.1577
1.00571
1.07541
1.02341
1.06126
1.04468
1.11805
1.06298
1.05956
1.00665
1.02851
1.01197
1.003
1.02834
1.09243
1.05415
1.20079
1.0919
1.01728
1.12173
1.22914
1.02308
1.02172
1.07898
1.0324
1.04136
1.01758
1.08354
1.04438
1.02961
1.03594
1.03515
1.00747
1.17808
1.00329
1.01091
1.00975
1.015
1.05289
1.16617
1.00063
1.00214
1.00717
1.01012
1.01002
1.00649
1.02551
1.02764
1.14934
1.06449
1.0064
1.07173
1.00988
1.00302
1.0173
1.05652
1.04716
1.06088
1.05941
1.0169
1.01437
1.00846
1.01437
1.03812
1.00305
1.05679
1.01168
1.07456
1.02002
1.01978
1.01173
1.04538
1.19331
1.05069
1.10523
1.0047
1.00328
1.03917
1.03273
1.02366
1.05268
1.03998
1.03535
1.0171
1.5787
1.06043
1.00737
1.04098
1.12642
1.04417
1.0542
1.10705
1.17466
1.06151
1.12578
1.07582
1.00226
1.03445
1.37121
1.02866
1.04456
1.05004
1.04416
1.05064
1.10244
1.08913
1.01049
1.04333
1.4244
1.03287
1.03961
1.03674
1.00789
1.0054
1.03438
1.01373
1.00213
1.19734
1.03238
1.07375
1.02913
1.00353
1.00984
1.0087
1.01282
1.05649
1.05104
1.05144
1.00776
1.00626
1.00533
1.04277
1.03657
1.07283
1.01843
1.05398
1.05974
1.05012
1.34182
1.03991
1.03389
1.03339
1.0061
1.01503
1.01162
1.01239
1.09174
1.00021
1.06143
1.00266
1.04889
1.01597
1.04289
1.02915
1.04131
1.10793
1.0639
1.0418
1.04808
1.03068
1.07909
1.05305
1.01142
1.08121
1.00177
1.04362
1.01722
1.03397
1.12733
1.15429
1.04003
1.08061
1.04336
1.01136
1.00626
1.0317
1.07112
1.01111
1.01225
1.00429
1.12908
1.00436
1.00029
1.07715
1.00556
1.09442
1.05202
1.03755
1.05093
1.01312
1.02039
1.00736
1.01421
1.02199
1.08211
1.02562
1.0371
1.01576
1.03207
1.07442
1.01445
1.13618
1.18073
1.02694
1.00838
1.00902
1.03499
1.06886
1.02134
1.0174
1.03121
1.00724
1.012
1.02674
1.05872
1.09061
1.00283
1.12653
1.05507
1.00144
1.00917
1.04078
1.01101
1.16069
1.00224
1.0111
1.09944
1.07682
1.04872
1.08093
1.00746
1.04286
1.02369
1.05997
1.00897
1.05928
1.00188
1.04188
1.13289
1.01282
1.03064
1.00688
1.02882
1.02736
1.02283
1.06247
1.21627
1.01223
1.00583
1.00491
1.02549
1.09452
1.02404
1.08486
1.07835
1.13161
1.17608
1.00306
1.00659
1.00199
1.00729
1.02142
1.11919
1.02109
1.11069
1.05143
1.00014
1.02462
1.69996
1.01789
1.01063
1.09695
1.01364
1.02582
1.04613
1.12099
1.00749
1.00509
1.00067
1.00212
1.03584
1.00931
1.0245
1.0337
1.02788
1.02144
1.00787
1.00148
1.00019
1.01612
1.01725
1.05169
1.01471
1.09051
1.05968
1.00232
1.07571
1.00939
1.01426
1.01877
1.00371
1.11278
1.03745
1.01252
1.02063
1.00618
1.02717
1.09562
1.02427
1.04093
1.07266
1.04745
1.0272
1.03007
1.01051
1.06792
1.00081
1.03139
1.00483
1.06765
1.01019
1.02613
1.06764
1.04169
1.12107
1.05171
1.0044
1.00634
1.00825
1.14625
1.01159
1.02536
1.07124
1.0068
1.00406
1.00614
1.02346
1.05364
1.0306
1.03063
1.03725
1.00294
1.38485
1.02052
1.00932
1.02352
1.04764
1.07364
1.02654
1.01978
1.00619
1.02224
1.00998
1.02768
1.01151
1.02699
1.13055
1.07157
1.04272
1.0595
1.04109
1.00551
1.01687
1.07407
1.02422
1.01326
1.08385
1.0681
1.20498
1.00847
1.03046
1.00495
1.0011
1.03865
1.11659
1.01981
1.01113
1.03494
1.06084
1.00399
1.0215
1.0088
1.01878
1.10773
1.03742
1.02067
1.01163
1.02253
1.00287
1.02385
1.02535
1.03846
1.003
1.12609
1.0595
1.06601
1.0526
1.04354
1.01268
1.00526
1.02282
1.02111
1.20189
1.02286
1.10547
1.07532
1.07527
1.00795
1.02789
1.21786
1.04891
1.05365
1.03258
1.0632
1.00615
1.01072
1.05933
1.00492
1.00839
1.04526
1.10286
1.05467
1.02069
1.03632
1.02801
1.04317
1.0395
1.04888
1.13209
1.02932
1.00954
1.00209
1.06396
1.02014
1.00554
1.1261
1.04165
1.02673
1.00469
1.00286
1.04187
1.02021
1.01022
1.03306
1.01781
1.00271
1.00625
1.04214
1.03732
1.00564
1.00263
1.04246
1.05146
1.02929
1.01566
1.07588
1.08749
1.01767
1.0446
1.02588
1.0131
1.0161
1.00053
1.01185
1.02121
1.22101
1.05397
1.00917
1.01364
1.01394
1.00623
1.06317
1.12025
1.10787
1.00671
1.13542
1.17004
1.04162
1.00619
1.01137
1.00282
1.03692
1.08394
1.00183
1.01459
1.22936
1.02077
1.06579
1.0233
1.03342
1.15998
1.00759
1.02389
1.03041
1.00662
1.00047
1.04159
1.07492
1.01919
1.05304
1.00125
1.11032
1.05742
1.03788
1.01397
1.046
1.01586
1.01048
1.03322
1.0209
1.001
1.01535
1.01593
1.02064
1.04365
1.04709
1.0058
1.07141
1.02899
1.03254
1.12361
1.02152
1.09377
1.01385
1.00518
1.04363
1.02172
1.00533
1.00066
1.00282
1.01229
1.01818
1.04527
1.03736
1.02548
1.00227
1.02557
1.05095
1.00054
1.05448
1.01447
1.26858
1.08152
1.10006
1.01294
1.24174
1.06195
1.00466
1.15419
1.13273
1.01786
1.03165
1.10118
1.16569
1.07333
1.07307
1.14419
1.11389
1.00738
1.02861
1.04222
1.00726
1.07228
1.03803
1.01247
1.02911
1.01211
1.00902
1.03454
1.02142
1.06928
1.00832
1.06664
1.00829
1.03342
1.059
1.00335
1.08812
1.02147
1.02492
1.03632
1.00185
1.03185
1.05449
1.06349
1.01384
1.00064
1.01058
1.05386
1.02086
1.04698
1.13431
1.0512
1.00327
1.01148
1.00453
1.14139
1.01867
1.04537
1.00653
1.06935
1.03123
1.01231
1.0194
1.04328
1.01387
1.03663
1.0327
1.00717
1.0566
1.33201
1.00659
1.06923
1.05778
1.01452
1.15413
1.01678
1.06584
1.03536
1.22106
1.06513
1.01937
1.05821
1.02119
1.11587
1.05551
1.0456
1.00884
1.00665
1.06421
1.02855
1.02716
1.19747
1.03439
1.01533
1.07257
1.08108
1.04935
1.03585
1.01512
1.11235
1.01601
1.15444
1.00886
1.06225
1.0438
1.04866
1.05624
1.02958
1.05309
1.0752
1.03073
1.12959
1.29528
1.07169
1.05386
1.03499
1.01356
1.00716
1.03349
1.05435
1.02291
1.05433
1.01269
1.08583
1.00774
1.01745
1.06433
1.02603
1.04426
1.04016
1.08889
1.37554
1.02492
1.13677
1.01173
1.13157
1.0388
1.02043
1.0427
1.01008
1.02165
1.02691
1.05446
1.03731
1.09074
1.03822
1.00155
1.03568
1.01994
1.06934
1.00931
1.04438
1.05346
1.03652
1.00029
1.04617
1.03217
1.00637
1.04322
1.00735
1.04879
1.13611
1.00432
1.05877
1.04728
1.04011
1.09067
1.00015
1.00004
1.01738
1.00604
1.03684
1.00449
1.05525
1.11894
1.01974
1.02047
1.01186
1.1814
1.03486
1.05403
1.01598
1.16423
1.01767
1.00204
1.00536
1.07186
1.12639
1.03384
1.00031
1.19466
1.11435
1.00027
1.03667
1.11338
1.08578
1.00404
1.00529
1.00827
1.08061
1.03303
1.03789
1.07927
1.00236
1.007
1.03719
1.02927
1.04847
1.05547
1.06247
1.00984
1.00536
1.10017
1.02188
1.00002
1.00857
1.12
1.06953
1.03187
1.16416
1.04404
1.00054
1.27129
1.21659
1.0009
1.18538
1.00112
1.21628
1.00251
1.0279
1.03745
1.01934
1.02448
1.10458
1.03881
1.00414
1.01027
1.03751
1.01568
1.03712
1.01763
1.03464
1.04904
1.08388
1.00587
1.06652
1.00775
1.00696
1.03426
1.04756
1.06332
1.05348
1.02347
1.01135
1.01586
1.0503
1.01066
1.10054
1.06301
1.00963
1.00911
1.05784
1.14414
1.0836
1.12189
1.02147
1.01683
1.00027
1.01105
1.03742
1.04668
1.00763
1.02954
1.02034
1.21047
1.08073
1.00035
1.05674
1.04978
1.00593
1.00166
1.1813
1.01539
1.30968
1.01091
1.05693
1.04731
1.02562
1.05038
1.00672
1.00191
1.01818
1.00688
1.03147
1.40776
1.06061
1.05216
1.04352
1.06129
1.02145
1.00971
1.11378
1.04072
1.00318
1.00746
1.0333
1.00375
1.02271
1.16091
1.03003
1.0002
1.03896
1.03144
1.00787
1.04327
1.01068
1.03752
1.0836
1.00339
1.06894
1.0773
1.01148
1.01598
1.01273
1.06813
1.21992
1.02793
1.01803
1.00279
1.0237
1.1148
1.04305
1.02247
1.11597
1.08614
1.02261
1.06382
1.02701
1.03242
1.06683
1.00178
1.1935
1.01706
1.04414
1.04365
1.02306
1.00205
1.01023
1.16713
1.08376
1.08628
1.2632
1.11851
1.0527
1.00514
1.01153
1.03642
1.0167
1.01312
1.06402
1.19282
1.12543
1.04267
1.08754
1.02093
1.11811
1.01598
1.12328
1.00009
1.04142
1.02001
1.00577
1.12892
1.02647
1.20267
1.02743
1.0011
1.03739
1.07752
1.11379
1.14219
1.02551
1.00619
1.01431
1.00986
1.01445
1.06499
1.00721
1.00053
1.11156
1.05395
1.10602
1.02443
1.00905
1.0144
1.03414
1.01174
1.03851
1.05349
1.02355
1.03804
1.32553
1.00374
1.07553
1.05638
1.0074
1.01103
1.01899
1.01961
1.08657
1.26391
1.00438
1.2023
1.00351
1.03179
1.02251
1.12876
1.03672
1.05729
1.00671
1.11635
1.01427
1.02947
1.04373
1.01541
1.05034
1.04653
1.10039
1.01295
1.02182
1.02879
1.0607
1.0156
1.07263
1.0129
1.02219
1.00304
1.0006
1.219
1.02672
1.12078
1.0064
1.04044
1.00511
1.02519
1.03409
1.3725
1.00354
1.02876
1.13341
1.049
1.07625
1.07256
1.01097
1.07403
1.03599
1.02647
1.06224
1.03437
1.02503
1.0047
1.05064
1.03285
1.01096
1.00604
1.12572
1.02511
1.04537
1.04414
1.0252
1.00806
1.0159
1.13474
1.042
1.04191
1.01934
1.07668
1.02042
1.0364
1.07417
1.09387
1.05007
1.00722
1.07416
1.06544
1.10147
1.00377
1.1475
1.09441
1.05355
1.05019
1.17768
1.00519
1.14406
1.0408
1.17281
1.02213
1.00542
1.03209
1.02822
1.00873
1.08868
1.00138
1.14983
1.00318
1.03515
1.0011
1.01387
1.02389
1.03781
1.058
1.04921
1.05814
1.00924
1.03125
1.02318
1.04433
1.01596
1.00629
1.04754
1.0378
1.04541
1.00124
1.02752
1.01656
1.03643
1.02929
1.03346
1.02078
1.0339
1.01179
1.00758
1.03628
1.05304
1.00128
1.00206
1.01083
1.01252
1.02367
1.04629
1.01038
1.00154
1.07387
1.12125
1.04838
1.01908
1.00868
1.04343
1.04621
1.03012
1.01064
1.05533
1.00916
1.01588
1.03537
1.00687
1.0015
1.02223
1.01426
1.08021
1.01401
1.02467
1.01931
1.02423
1.03879
1.03185
1.07137
1.13269
1.08795
1.00253
1.00197
1.06487
1.10882
1.00422
1.04096
1.01618
1.21885
1.07276
1.03616
1.02157
1.02604
1.08852
1.02512
1.02894
1.1543
1.01766
1.00598
1.02358
1.02878
1.01595
1.17375
1.04838
1.12112
1.03649
1.07445
1.06976
1.0396
1.03507
1.01301
1.03459
1.11981
1.09942
1.10015
1.03224
1.13444
1.02338
1.02095
1.02021
1.07504
1.03399
1.03374
1.01096
1.01239
1.01726
1.00138
1.05162
1.02109
1.12955
1.02541
1.02139
1.01798
1.117
1.02075
1.00977
1.06249
1.03131
1.24714
1.04388
1.04942
1.18188
1.55092
1.05746
1.04947
1.01196
1.0771
1.0033
1.0946
1.02589
1.03423
1.03722
1.06446
1.03853
1.07966
1.03362
1.04657
1.02046
1.00449
1.00373
1.02476
1.03985
1.03455
1.06843
1.00875
1.01052
1.00592
1.0004
1.01786
1.12921
1.10406
1.00539
1.03247
1.00443
1.00824
1.02191
1.03831
1.02023
1.03922
1.01499
1.00829
1.02402
1.04923
1.00984
1.02608
1.00699
1.01397
1.04238
1.01099
1.0483
1.07563
1.03805
1.04424
1.00532
1.08083
1.08116
1.02087
1.05288
1.00649
1.03773
1.00684
1.05993
1.07673
1.00552
1.08986
1.0205
1.0246
1.02162
1.03677
1.01444
1.00293
1.0323
1.01496
1.02427
1.00001
1.00952
1.10879
1.00005
1.05991
1.16787
1.12341
1.00197
1.03604
1.10954
1.00904
1.03656
1.00519
1.00951
1.07427
1.08805
1.01829
1.02184
1.09888
1.05174
1.00143
1.01376
1.13123
1.02663
1.14752
1.03135
1.16245
1.05791
1.01472
1.01226
1.01973
1.04803
1.01266
1.01018
1.04156
1.21037
1.058
1.01336
1.04936
1.01302
1.00531
1.02475
1.01961
1.02063
1.01259
1.01555
1.02698
1.03794
1.00151
1.08741
1.07793
1.06802
1.03304
1.0122
1.01357
1.08705
1.00287
1.02108
1.12589
1.0544
1.09278
1.02044
1.0375
1.01603
1.01029
1.04295
1.14299
1.0129
1.00571
1.06384
1.01891
1.00467
1.00983
1.0278
1.10998
1.02555
1.00305
1.10849
1.00284
1.02351
1.00434
1.01779
1.04393
1.00015
1.02685
1.08396
1.03146
1.06745
1.04345
1.03106
1.04224
1.38668
1.09372
1.0601
1.01018
1.05776
1.04967
1.02333
1.00898
1.05458
1.02802
1.02445
1.00242
1.01942
1.02957
1.00678
1.01009
1.03545
1.02469
1.00147
1.02763
1.08383
1.08079
1.05327
1.08044
1.01594
1.00303
1.03361
1.01176
1.06343
1.09327
1.0381
1.00429
1.01158
1.00435
1.06263
1.09839
1.03823
1.03362
1.04305
1.01623
1.00949
1.00447
1.03784
1.02653
1.00417
1.01451
1.24851
1.00398
1.02296
1.00455
1.04749
1.03388
1.09426
1.00603
1.11817
1.02529
1.02298
1.22438
1.03141
1.00905
1.03014
1.0075
1.00216
1.00225
1.00335
1.01685
1.05485
1.00688
1.03095
1.05053
1.00535
1.04225
1.06872
1.01277
1.00692
1.03825
1.00524
1.08121
1.01665
1.19061
1.00165
1.00631
1.01615
1.01359
1.02164
1.00353
1.02835
1.15217
1.04766
1.01827
1.01447
1.02048
1.00777
1.01895
1.1085
1.05718
1.02864
1.15312
1.01078
1.04507
1.0027
1.03685
1.01359
1.0059
1.05065
1.00817
1.01294
1.08478
1.01349
1.00296
1.01237
1.01212
1.0186
1.03855
1.34582
1.00815
1.03839
1.00869
1.01253
1.07305
1.1067
1.09358
1.00513
1.00146
1.05582
1.05315
1.04586
1.01939
1.09484
1.03936
1.07404
1.06253
1.01753
1.0284
1.02191
1.00245
1.02141
1.03372
1.0145
1.07459
1.09803
1.01132
1.1067
1.01798
1.05492
1.00574
1.03129
1.09906
1.00638
1.0419
1.02535
1.00788
1.09183
1.04843
1.02725
1.00712
1.03082
1.04825
1.01056
1.04081
1.04215
1.01993
1.01099
1.02433
1.04912
1.01676
1.06505
1.0515
1.03204
1.05046
1.11012
1.03821
1.02722
1.01051
1.02744
1.04338
1.02534
1.04132
1.09719
1.01056
1.13619
1.05378
1.01135
1.00581
1.02184
1.11737
1.09564
1.01709
1.03057
1.03997
1.06458
1.01281
1.00929
1.01062
1.04075
1.01012
1.04973
1.01762
1.09668
1.00366
1.0948
1.04093
1.05959
1.0104
1.03548
1.01341
1.02088
1.02417
1.07088
1.01108
1.1305
1.01423
1.07572
1.01327
1.03904
1.01329
1.00402
1.01327
1.00479
1.02356
1.02148
1.00834
1.07314
1.02615
1.07524
1.03754
1.02166
1.00026
1.00009
1.00923
1.0253
1.07428
1.00695
1.01009
1.06425
1.197
1.14282
1.1345
1.04976
1.04029
1.04606
1.05357
1.07537
1.07964
1.02394
1.07801
1.00053
1.0034
1.04652
1.05895
1.02174
1.11579
1.04046
1.1113
1.0041
1.14474
1.0604
1.02429
1.03474
1.02271
1.12601
1.31157
1.16576
1.10183
1.14734
1.04198
1.02517
1.06697
1.01359
1.04237
1.07117
1.03723
1.02292
1.06333
1.00418
1.03191
1.06183
1.04876
1.01617
1.04074
1.06358
1.00844
1.0048
1.00109
1.00544
1.0504
1.14367
1.00625
1.03178
1.01585
1.01997
1.00163
1.0172
1.00974
1.03183
1.00853
1.02186
1.06625
1.01954
1.0206
1.07988
1.0122
1.01976
1.01572
1.01913
1.11416
1.0127
1.00751
1.02562
1.13581
1.15734
1.08306
1.00046
1.02386
1.00199
1.01469
1.08534
1.03419
1.10747
1.02842
1.08442
1.01324
1.00936
1.0074
1.01842
1.0018
1.00257
1.01309
1.0168
1.03391
1.01494
1.0037
1.03238
1.04368
1.01185
1.12876
1.07894
1.00944
1.02352
1.01682
1.01228
1.05643
1.01198
1.00745
1.00161
1.02917
1.02127
1.05636
1.04241
1.09152
1.06004
1.01254
1.04764
1.0581
1.0356
1.01376
1.01031
1.03554
1.03894
1.00865
1.01508
1.05799
1.06517
1.0304
1.01309
1.0259
1.01237
1.02313
1.09452
1.08228
1.01032
1.00843
1.0347
1.08796
1.01697
1.01906
1.21266
1.02101
1.0152
1.12966
1.12168
1.08352
1.24981
1.04307
1.15985
1.12368
1.29986
1.04254
