0.900178 0.910964
5.32494 5.41389
0.00210624 0.0021434
0.795345 0.877684
0.583084 0.614379
7.43451 7.88539
0.195678 0.205498
1.26445 1.31822
0.314304 0.314979
1.24005 1.28309
1.32799 1.4731
0.174971 0.175948
0.670668 0.697105
0.0956189 0.101529
0.644064 0.65262
0.446918 0.465104
0.37555 0.379402
0.516058 0.521399
3.52581 3.71128
1.19627 1.24967
0.0720856 0.0751312
0.86341 0.883912
3.03321 3.23273
0.0653265 0.0672313
4.90772 5.04069
0.168687 0.179171
0.487721 0.518725
23.2417 24.2519
0.435576 0.462947
0.0112862 0.0113058
0.184372 0.186246
0.881918 0.935253
0.405127 0.40659
1.56162 1.88114
0.943276 0.983799
25.2741 25.5563
6.71349 7.2543
3.14558 3.52032
0.293296 0.318258
3.31519 3.82692
0.898972 0.907517
1.00103 1.02651
3.69486 3.72352
0.0591739 0.0593538
4.75182 4.79345
0.273682 0.278654
1.02345 1.09095
0.399055 0.417623
0.416521 0.459402
0.556388 0.590319
0.974418 0.988258
1.32739 1.363
0.363069 0.366578
0.642388 0.689011
0.918155 0.959302
1.46565 1.53465
0.235118 0.252111
5.08071 5.1395
1.0873 1.12543
0.856711 0.86174
0.567053 0.642959
1.80139 1.84094
9.17414 9.36265
3.4651 3.55562
3.16232 3.37401
1.48755 1.53664
0.221012 0.23594
0.171091 0.172075
0.264377 0.265872
1.26464 1.34204
0.217423 0.238038
2.10637 2.11885
0.746573 0.802534
2.0213 2.03393
0.165491 0.181085
2.99406 2.99948
2.69062 2.90223
0.131182 0.132397
1.07936 1.18207
135.683 136.354
0.375174 0.377396
0.751945 0.764145
12.1072 12.9787
0.679716 0.700323
0.566592 0.568066
2.51565 2.75611
1.87865 1.92752
0.421681 0.431544
2.81653 3.15781
66.5347 69.2086
1.13428 1.19898
0.704766 0.709597
2.8329 2.98455
0.426012 0.44506
9.97989 9.98374
3.67912 3.9506
0.957117 0.985382
0.754803 0.773944
0.236152 0.247406
0.0438925 0.044874
4.81917 4.82154
2.10377 2.23782
1.55204 1.58731
0.228506 0.229701
2.50263 2.541
1.10989 1.14691
0.780791 0.838753
0.0170553 0.0176494
0.461314 0.520539
1.0969 1.11656
0.308153 0.309032
0.203737 0.233238
0.0156659 0.0157365
1.38134 1.43321
1.52045 1.59845
2.07429 2.31633
2.77208 2.83443
0.119359 0.134743
0.751972 0.770513
0.634179 0.670324
0.0930529 0.101416
1.43981 1.47956
0.754467 0.769514
0.387793 0.389733
0.109423 0.110167
0.0448212 0.0466373
0.910432 0.919663
0.187285 0.190207
0.861355 0.926742
0.637376 0.665535
0.247892 0.256742
0.069278 0.0707483
7.43994 7.56161
1.39737 1.41454
5.45017 5.60474
0.336109 0.347095
0.493114 0.511066
1.02816 1.0352
0.11505 0.115528
0.251303 0.274868
0.609034 0.636785
7.65515 9.14953
1.97419 2.04318
0.0608542 0.061936
0.290712 0.292471
23.6545 25.1681
0.921404 0.928649
1.77 2.01678
0.83149 0.836633
1.11619 1.11785
1.92219 2.07488
2.42707 2.69073
1.09797 1.13789
7.0493 7.40958
1.31498 1.43454
1.16911 1.20333
0.360435 0.364314
0.439175 0.466142
0.285204 0.313852
1.1058 1.13813
2.10397 2.1559
0.103548 0.104375
1.41356 1.54386
0.410401 0.413955
0.844004 0.906369
0.0152894 0.0157703
1.0613 1.07696
6.68523 6.88607
8.87724 8.89141
0.13777 0.142546
0.283245 0.312872
0.23789 0.249906
2.62961 2.81254
0.209118 0.209484
2.19809 2.25138
0.0608398 0.0635888
29.6728 30.4847
1.85441 1.86764
11.4743 13.8342
8.77924 9.05942
5.5091 6.08438
0.731473 0.827496
2.54819 2.63921
3.50748 3.51134
0.424466 0.428922
0.327526 0.352316
2.35516 2.50874
2.23343 2.32164
0.0834664 0.0890809
0.00792276 0.0081419
0.915773 0.939118
0.238248 0.263606
0.222015 0.231605
2.18155 2.28391
0.460018 0.462633
0.250924 0.262057
1.14598 1.19411
0.745723 0.75532
6.85462 6.99387
0.0681115 0.0766431
0.273801 0.289389
0.372137 0.438126
1.17396 1.17986
0.397607 0.410613
3.59584 3.64081
0.864516 0.886493
4.40238 4.51928
0.770518 0.845028
0.353233 0.354006
0.987969 1.03148
0.496341 0.502436
0.930476 1.03642
0.865952 0.958554
0.755767 0.769253
0.0158647 0.0171211
0.763664 0.839206
1.05183 1.08867
1.53596 1.64152
0.305542 0.320064
2.33533 2.44512
1.27875 1.38791
1.33751 1.42804
0.271299 0.29362
0.707596 0.745396
0.477368 0.477448
0.727453 0.749674
2.37966 2.39168
1.22934 1.32326
1.08066 1.20134
0.294519 0.381616
0.245941 0.246927
2.67262 3.01799
1.72773 2.00612
0.555433 0.611337
2.27074 2.32482
0.342316 0.375144
0.54018 0.545334
1.1507 1.29085
6.46495 6.50406
10.6432 10.8457
0.652155 0.736256
0.878955 0.888117
65.2043 66.6597
0.437259 0.451384
1.28849 1.32935
6.90516 7.24142
0.751978 0.826852
2.73687 2.89676
1.57904 1.62377
0.423692 0.441772
2.2094 2.26866
0.706032 0.719595
0.385351 0.412884
0.331707 0.341894
0.576547 0.595472
0.588629 0.668943
1.28624 1.47003
11.9193 13.2494
1.10308 1.14935
7.4962 7.72947
1.05119 1.06951
0.211965 0.215221
4.64106 4.96625
1.43482 1.46103
1.55692 1.5844
0.32036 0.320578
0.381949 0.420635
0.6833 0.920609
0.838732 0.857004
3.86769 4.29458
0.0668966 0.069252
0.532014 0.550858
0.891492 0.919799
37.0152 38.6611
0.35764 0.374677
0.823612 0.837378
0.546243 0.609559
2.07429 2.20889
0.633202 0.635306
1.20246 1.36905
3.38662 3.41799
90.24 92.7311
2.86332 2.92345
1.15969 1.20388
0.871818 0.891745
0.173657 0.175964
0.237952 0.239465
0.0350274 0.0379968
2.8028 2.80365
55.6959 58.8867
0.657282 0.661229
1.33635 1.42671
0.0282785 0.0288329
1.92246 2.06265
1.50973 1.52771
0.656229 0.665719
3.54232 3.56798
0.433286 0.463549
2.98174 3.01786
0.249677 0.298086
2.0172 2.03117
0.391479 0.397932
0.911016 0.979274
0.0977499 0.101367
0.693414 0.698931
0.19566 0.199977
0.369816 0.374353
1.2986 1.44086
0.129652 0.135617
0.055673 0.0562686
1.86888 2.05144
3.54582 3.57499
0.372479 0.379553
1.85828 1.92376
2.24941 2.36008
1.34659 1.45611
8.83673 8.9057
1.22851 1.3823
2.3175 2.5622
1.30772 1.64268
5.30089 5.37578
0.614786 0.622069
1.60644 1.77073
0.576547 0.632405
1.12844 1.19723
0.00909395 0.010263
4.20193 4.23605
0.00550315 0.0058928
2.63132 2.70402
9.86744 9.88473
1.66618 1.7162
3.21066 3.33827
0.237651 0.266201
0.457087 0.500022
0.69545 0.889767
1.10321 1.14255
0.32782 0.3454
4.82399 5.15421
0.802868 0.920965
8.76468 9.04669
0.299151 0.299512
1.09157 1.10019
0.197178 0.199906
0.258485 0.261621
3.18212 3.32089
1.14676 1.2156
0.609441 0.619431
0.446963 0.501724
0.10989 0.115593
1.78634 2.01852
2.5827 2.59202
8.33285 8.63354
4.53527 4.57749
2.81619 2.82196
0.569882 0.575989
1.30324 1.34615
0.614258 0.675062
6.52667 6.9247
1.65589 1.81319
0.885081 0.960463
0.0398953 0.0412731
0.103646 0.104463
1.91444 1.9146
1.53091 1.65869
0.228937 0.236259
0.609405 0.643972
0.813708 0.829446
0.310254 0.318774
1.40805 1.50302
1.65502 1.70274
2.02878 2.0763
1.51768 1.73708
0.773926 0.80362
0.726307 0.761914
0.431976 0.43683
0.75668 0.773634
0.440261 0.442852
3.87218 4.07479
1.53036 1.55898
0.172349 0.175366
0.387146 0.390196
2.53592 2.72599
1.01475 1.09032
1.40067 1.42681
0.0618244 0.0637724
0.193044 0.197034
1.14291 1.16186
4.3977 4.99937
0.821718 0.843798
0.272366 0.293366
2.88983 2.99522
0.196977 0.224556
0.742024 0.764759
92.2944 93.7639
0.574912 0.593469
0.674634 0.709534
3.66215 3.6899
0.171021 0.2182
0.127105 0.150119
0.834986 0.839527
38.3396 39.31
0.575642 0.578436
3.19158 3.36246
0.00267745 0.00272277
1.63482 1.69515
0.634734 0.649556
9.42176 9.66538
1.77556 1.77892
1.41482 1.52628
0.0710342 0.0710467
4.61342 4.67781
5.15194 5.1663
0.901398 0.906036
0.867163 0.878404
0.737678 0.784083
2.73299 3.00128
0.469838 0.474095
0.400469 0.402462
1.00417 1.03558
2.71184 3.07113
1.47438 1.51087
0.006636 0.00676864
1.04006 1.0657
0.777271 0.841725
5.71387 5.83158
0.0630089 0.0644064
0.0190107 0.0201199
0.133206 0.134033
0.966871 1.06282
0.757822 0.766425
9.06806 9.45707
2.27711 2.53237
0.414149 0.440292
0.25034 0.251009
46.669 50.3727
0.0984743 0.101455
6.9959 7.35686
0.550675 0.564199
0.836245 0.901738
0.0187014 0.0187599
4.21363 4.56108
0.0688853 0.0694635
22.815 23.3871
1.12317 1.16651
0.495338 0.499015
0.193044 0.201711
0.488198 0.546277
0.578955 0.609975
5.47358 5.7236
0.688751 0.710831
0.914579 0.933325
1.63678 1.77587
0.022152 0.023644
7.82442 8.54523
0.110846 0.115472
2.22943 2.67256
0.54021 0.541612
0.532697 0.593913
2.11847 2.23257
0.28821 0.32863
0.840361 0.882621
1.1041 1.1507
6.71862 6.94977
0.369509 0.403387
0.194794 0.200961
1.18221 1.19897
0.125408 0.12947
2.62358 2.73431
0.19898 0.203037
0.230083 0.23736
4.45169 4.56078
0.292498 0.30294
3.569 4.0783
2.00805 2.01707
0.292773 0.297252
1.5585 1.56785
0.953237 0.962642
5.48933 5.5148
0.888732 0.890348
3.62606 3.69453
52.0084 53.2776
0.035901 0.037959
0.910168 0.974896
0.879669 1.00668
0.774557 0.803621
1.30293 1.38463
0.391606 0.400624
1.63121 1.715
0.0377363 0.0379463
0.778595 0.796458
1.42415 1.44636
0.214938 0.215249
0.545634 0.635178
0.261119 0.286903
0.10771 0.128664
2.77862 2.79248
0.744584 0.81504
0.433229 0.4444
1.30852 1.31187
0.157633 0.162708
0.107543 0.110938
0.318637 0.354515
3.05936 3.10006
0.0340799 0.0344229
0.180143 0.181062
36.576 38.1128
0.418023 0.425534
0.681759 0.72795
0.901605 0.918431
1.29857 1.50793
0.176228 0.18532
0.0993391 0.103394
0.92238 1.09024
0.48581 0.520313
0.239361 0.247814
0.781941 0.86246
0.361927 0.372383
0.28046 0.298286
0.388637 0.401826
4.4436 4.70706
0.543919 0.578955
0.00706822 0.00715985
0.523759 0.635893
0.684157 0.712431
3.11439 3.1844
0.548227 0.600198
10.1077 10.7483
1.79727 1.95608
3.90182 4.01777
0.102209 0.107547
1.88903 1.93957
0.332423 0.341906
0.566039 0.56897
1.59437 1.61166
0.185198 0.213725
0.3884 0.394985
0.207012 0.215481
0.812492 0.824664
0.171258 0.184861
2.02644 2.05617
1.42638 1.43274
0.480584 0.481409
0.908312 0.912002
0.176441 0.176606
1.14618 1.20308
0.554748 0.558626
10.1249 10.8597
2.20476 2.20545
0.461585 0.475072
2.36428 2.7391
2.34157 2.73286
0.690738 0.705092
2.82782 2.99729
1.18379 1.2733
3.45576 3.61962
2.65039 2.68991
21.2937 21.6601
0.309857 0.318247
1.57716 1.66206
0.674979 0.683201
0.116639 0.116696
1.09767 1.17765
0.432457 0.434881
0.183386 0.185168
3.72251 3.74453
0.542477 0.552518
0.865265 0.981411
2.37257 2.52812
0.680709 0.734052
0.422501 0.422693
0.0706791 0.0717879
0.0986525 0.104862
0.514399 0.550015
1.76159 1.78745
1.4121 1.45426
0.54519 0.669278
0.564527 0.590062
2.5221 2.54515
1.17716 1.18512
0.504401 0.528772
0.141926 0.147066
1.17943 1.44832
0.348517 0.348561
8.11736 8.23685
0.336679 0.342032
0.762267 0.7705
1.49706 1.57159
2.51568 2.6441
1.91505 2.21177
0.368876 0.496683
0.536062 0.580694
1.34552 1.38332
1.06691 1.0889
1.35897 1.37627
0.0012501 0.00193421
0.213245 0.238511
1.1127 1.14837
1.25598 1.30895
0.552207 0.690832
0.384913 0.39869
1.09745 1.14703
1.68916 1.71024
2.25788 2.29126
0.0795684 0.0909064
1.1676 1.23735
0.0727643 0.0757792
0.891407 0.93896
0.189875 0.192073
1.02486 1.03888
0.0320503 0.0321974
0.635118 0.65722
1.06942 1.13476
1.06981 1.21777
11.6023 11.9112
0.0585245 0.0588651
0.29569 0.29579
0.463404 0.464818
0.480504 0.51329
0.588788 0.601616
2.55623 2.59601
0.351364 0.352667
1.66391 1.70324
0.456356 0.465765
0.632121 0.667304
1.82381 1.89526
3.18393 3.22961
1.23724 1.26662
2.96879 3.05605
0.525791 0.531689
0.194712 0.239847
1.49868 1.64305
3.76265 3.77694
0.220035 0.251165
0.023649 0.029712
6.90941 7.24142
0.141414 0.145228
1.60994 1.61459
0.679448 0.703727
7.04531 7.15354
0.842683 0.843194
0.480337 0.489099
0.742204 0.910063
0.113699 0.113763
0.20686 0.21052
3.65545 3.75844
0.834159 0.859505
2.65921 3.04928
0.619547 0.682394
1.824 1.85786
1.32784 1.42155
1.34466 1.38721
0.0904535 0.0997534
0.356305 0.387376
0.370665 0.3792
0.586677 0.594505
0.416743 0.42263
0.488805 0.492313
0.371288 0.426628
0.0947313 0.100099
0.471847 0.563685
1.71788 1.99965
1.96778 2.04773
0.147694 0.148312
10.8086 10.8762
1.33079 1.41109
0.818819 0.905822
2.68292 2.68755
0.645214 0.66636
0.384749 0.422483
0.161011 0.190298
0.17297 0.197436
0.813384 0.825192
4.61611 4.67306
0.913493 0.940553
0.685644 0.770081
0.412473 0.421193
1.20178 1.20253
2.94842 3.06352
1.34653 1.35816
2.06891 2.11148
0.219573 0.224218
3.51271 3.90896
0.900872 0.916415
0.0563872 0.0584316
0.178143 0.185197
32.3548 32.5137
1.81161 1.90131
3.27323 3.51297
0.00193421 0.00212513
1.87528 1.8942
7.32594 7.36486
0.14043 0.155839
1.72005 1.7731
0.0858801 0.0889565
2.16545 2.17251
0.527214 0.532638
0.85807 0.925416
15.6962 17.3701
0.0131387 0.014315
0.278323 0.329689
56.2418 58.4709
2.14814 2.17836
0.80723 0.857572
0.479391 0.480512
0.860527 0.866054
5.42824 5.44254
0.123396 0.12357
0.275064 0.29449
1.49168 1.59184
0.145008 0.165818
0.10984 0.111018
0.626564 0.669826
0.776985 0.883965
1.27612 1.28902
35.6368 35.9303
1.41909 1.47015
29.3729 32.3532
0.233661 0.236082
1.75496 1.78916
0.675591 0.677897
0.444857 0.447484
0.0437 0.0440798
0.227504 0.265172
0.485897 0.514834
1.01712 1.10024
384.423 407.077
3.60354 3.64096
0.508447 0.523154
0.365181 0.366338
0.0920091 0.0930782
0.00762883 0.00774804
0.943524 0.950562
2.25325 2.33035
0.213537 0.220098
1.13725 1.17604
0.947735 0.999282
0.224207 0.254707
0.28888 0.32693
1.3536 1.36187
0.018022 0.0190757
2.4634 2.57958
1.05217 1.14338
1.31725 1.34012
0.153063 0.196873
1.72079 1.75116
0.359726 0.415685
1.00877 1.07387
0.317015 0.318625
0.209257 0.21939
3.99936 4.34584
0.0551347 0.0590118
0.279084 0.303532
2.13421 2.49519
0.0221884 0.0247796
3.28517 3.55958
26.707 27.556
0.293517 0.319793
4.91532 5.19661
0.43192 0.436021
0.133328 0.136057
3.23624 3.26955
0.661945 0.744745
2.25264 2.26509
0.481859 0.49451
2.71556 3.07621
0.505804 0.537956
0.807139 0.822094
0.702024 0.70862
2.39894 2.50729
0.902518 0.929051
1.35039 1.40551
2.58251 2.61857
0.717619 0.721823
1.41725 1.5196
0.0648265 0.0652925
3.44928 3.50058
0.129389 0.130203
3.23164 3.25888
1.81143 2.09709
0.131406 0.132156
1.21908 1.31101
1.90649 1.95113
0.631028 0.669684
0.902532 0.942856
2.10411 2.3525
1.30693 1.38924
0.918972 0.973704
6.36346 6.40578
1.81028 1.86189
1.17475 1.18882
0.00755112 0.00757374
0.0334665 0.0344149
1.63252 1.78341
2.73149 2.8794
0.436859 0.524575
0.335306 0.366119
23.464 23.8695
0.234188 0.262696
0.325202 0.39972
0.794528 0.812868
625.859 639.453
25.0447 27.0228
0.406443 0.419611
0.446542 0.465011
2.0071 2.04238
0.0204934 0.0222054
4.26052 4.4496
1.08319 1.11526
10.0006 10.36
0.439261 0.454703
0.293602 0.295794
1.14587 1.34993
0.0179367 0.0179958
0.892485 0.902225
1.74819 1.76523
1.99011 2.01996
1.66331 1.75128
0.436968 0.509579
0.526612 0.526942
1.8611 1.86509
0.269992 0.271929
18.1157 18.299
0.43391 0.438258
0.375817 0.378254
1.3206 1.35428
2.22159 2.28299
1.49561 1.71896
0.0160403 0.0170746
0.113604 0.114331
1.21901 1.30645
3.0129 3.04266
0.200868 0.201475
4.71026 4.79173
7.87981 8.32519
1.29569 1.35679
0.26636 0.282576
0.162189 0.171824
5.19672 5.28456
0.0331207 0.0335967
0.513711 0.518058
0.128183 0.130024
0.530065 0.550272
1.39066 1.3949
0.385834 0.407747
0.51298 0.51897
1.04268 1.12042
0.255166 0.260274
0.665543 0.678704
0.227002 0.229664
3.21872 3.36478
1.46332 1.74619
0.77812 0.817566
1.30424 1.44149
0.192199 0.193102
0.215979 0.216687
2.14904 2.23322
0.600279 0.619927
2.14312 2.19384
18.3244 19.2898
0.246776 0.256641
0.37803 0.391393
0.489574 0.497947
0.843108 1.33101
8.28493 8.78559
1.19561 1.20442
3.15801 3.28743
0.683201 0.76957
0.3088 0.322439
0.394934 0.41634
0.374417 0.414499
1.26115 1.48142
0.666593 0.707596
0.45345 0.510486
2.56542 2.75994
0.711501 0.71311
123.037 127.275
0.843108 1.15608
1.2388 1.2743
12.938 13.5145
0.691545 0.726152
5.44851 5.6891
0.945762 0.993659
1.4365 1.58366
1.75437 1.91073
1.50888 1.52471
17.1728 17.9169
0.368876 0.525427
0.639098 0.660105
0.120481 0.125253
0.195092 0.20226
0.547554 0.551873
1.12844 1.13454
3.15256 3.26094
3.57738 3.6265
0.349372 0.350115
0.204973 0.245421
0.197966 0.204376
1.11528 1.19753
0.218586 0.224954
1.14598 1.15003
0.475135 0.47981
9.47312 9.55553
0.237614 0.24066
9.26744 9.79098
0.469839 0.493819
0.80736 0.848893
1.09295 1.10143
0.112288 0.11299
0.967381 0.97254
2.78215 2.90114
0.437987 0.454006
3.15528 3.38506
2.35773 2.40118
0.675326 0.71178
0.215584 0.228463
0.266541 0.279901
0.359485 0.482365
3.74415 3.89359
0.454499 0.4699
0.594912 0.614777
13.8821 13.9668
12.1491 12.3318
0.0614949 0.0622092
0.469357 0.475172
1.43941 1.57145
1.45995 1.46025
0.164413 0.174513
1.31207 1.31556
2.99175 3.13802
0.782236 0.79473
0.0963555 0.100488
0.522973 0.538216
0.309012 0.321777
4.4392 4.91831
1.89093 2.01176
4.36279 4.54515
0.773842 0.81105
0.262125 0.270166
1.59667 1.72296
0.142361 0.149913
1.5699 1.58783
0.127105 0.137427
2.11247 2.11621
2.57131 2.68347
0.863181 0.878045
1.72346 1.782
0.543919 0.613178
0.706112 0.815061
0.845 0.878825
4.95402 5.35334
0.117682 0.122785
0.377706 0.381997
0.0308378 0.0310307
0.652583 0.673272
0.698097 0.747744
2.13421 2.15792
0.0598475 0.0605806
0.679002 0.681913
0.446963 0.504656
1.39121 1.39728
0.545477 0.545634
0.154969 0.166926
0.568157 0.571318
3.70908 4.05928
1.66351 1.75005
0.113357 0.117614
0.368253 0.387008
3.24688 3.28948
0.456784 0.466099
2.34919 2.36648
0.522245 0.529664
0.645963 0.660169
0.900314 0.974235
0.857049 0.879009
0.626013 0.649239
0.522347 0.530577
1.83288 1.89166
0.109897 0.118076
0.648274 0.657641
1.66645 1.89339
0.76818 0.907014
0.56473 0.579946
1.09573 1.10491
3.18932 3.21808
0.563264 0.582972
1.26833 1.35566
1.30817 1.33609
1.99975 2.03455
0.964691 0.994797
0.149881 0.150966
0.535464 0.541891
2.4435 2.50884
0.746947 0.790808
1.8838 2.05449
1.8895 1.89484
0.468495 0.527773
1.21582 1.28278
0.38999 0.390552
5.52292 5.57359
0.461106 0.479912
0.867986 0.87754
69.0518 80.1475
0.864042 0.865974
24.5731 24.8458
0.897092 0.986302
0.0586673 0.0631743
1.22952 1.28942
3.80246 4.11018
1.06007 1.06798
0.0431102 0.0449578
0.174922 0.179066
0.279825 0.296607
0.587059 0.592324
4.74363 5.02484
0.929943 0.931694
1.05528 1.09947
1.71873 1.94713
0.239677 0.24275
0.298081 0.307215
1.60113 1.61215
0.73726 0.758509
0.782741 0.804158
2.15824 2.20752
0.480647 0.510675
0.666593 0.81076
0.930791 0.942178
0.375274 0.377462
0.468469 0.470771
0.336428 0.345004
0.201033 0.220035
1.11679 1.14363
0.645923 0.700737
0.508942 0.548815
0.256267 0.289993
1.02851 1.20962
0.269996 0.270821
0.137631 0.138539
0.638421 0.639688
0.946291 0.953188
0.615995 0.629191
2.02225 2.26328
0.116891 0.119356
0.083209 0.0924195
0.105737 0.111175
1.22847 1.22864
2.33312 2.39056
0.0012501 0.00212513
0.465022 0.473339
1.35031 1.36465
2.03174 2.22871
0.0181407 0.0183881
1.09357 1.1218
1.16383 1.21751
0.744957 0.835088
5.89437 5.9385
0.222955 0.22409
0.290526 0.29072
0.0923385 0.0925341
0.509321 0.527574
0.52559 0.530483
0.368977 0.378018
1.00163 1.03538
1.17757 1.2104
0.0440499 0.0449945
0.307113 0.30953
0.81614 0.817346
0.377726 0.377799
0.197912 0.201102
1.56804 1.59508
0.647393 0.680854
1.56774 1.5908
0.509625 0.555753
0.0990722 0.104985
0.901605 0.903697
1.06457 1.14517
0.57776 0.583186
0.0620935 0.062979
26.1989 26.6908
0.146013 0.146555
0.654323 0.728118
0.423755 0.439625
2.12734 2.15398
0.46166 0.471182
0.889806 0.895306
0.532945 0.547426
2.0467 2.24242
0.0916507 0.0938754
0.0481255 0.0500951
1.77648 1.90556
0.24333 0.254875
0.683336 0.701926
0.68986 0.710603
0.981751 0.992071
0.260561 0.278259
1.46086 1.46205
0.85656 0.883449
0.368085 0.369865
0.0912941 0.0974705
0.746313 0.753915
0.748618 0.768182
1.35217 1.44362
0.569144 0.592871
1.02873 1.15328
1.51217 1.59036
1.8148 1.82278
0.0850652 0.0856046
0.387868 0.391068
0.858134 0.983638
0.57228 0.578915
1.46601 1.50319
0.787886 0.844013
0.979969 0.986632
1.07017 1.07452
0.828901 0.833992
0.194924 0.199497
2.862 3.01553
0.320521 0.33033
0.0336088 0.0346382
2.09153 2.16943
0.168858 0.169354
0.269014 0.372544
0.336481 0.343385
2.74874 2.77435
0.135094 0.138272
3.70767 3.8843
2.99529 3.21585
0.926664 0.951261
0.909587 0.927575
1.07453 1.08118
3.60334 3.68348
0.699277 0.706256
0.465011 0.47788
0.333335 0.33717
1.96326 2.01625
0.541639 0.612348
8.66337 9.28345
3.00816 3.13668
1.54558 1.63754
0.0804004 0.0837038
0.504906 0.507686
4.43995 4.51483
2.30243 2.47297
0.332381 0.340432
1.03763 1.05138
0.261148 0.283046
0.6261 0.668734
0.489907 0.590326
0.991567 0.999967
0.294128 0.303086
0.406999 0.409015
0.661897 0.662623
0.240476 0.249769
0.192199 0.214608
3.30329 3.36872
6.31191 6.38219
0.10172 0.105274
0.319818 0.339276
0.583871 0.586198
0.408391 0.41717
9.83947 9.92603
0.712641 0.726022
2.65205 2.93776
0.254536 0.264059
0.135479 0.13828
2.5334 2.56288
0.674794 0.689995
0.939037 0.941728
35.3447 36.1876
0.0941836 0.0965707
0.604175 0.627413
6.65021 6.67017
0.542667 0.611095
11.483 12.1662
0.370778 0.395252
0.608933 0.640964
0.130497 0.136178
0.268222 0.271623
0.115112 0.115718
0.779028 0.796809
1.37442 1.40344
1.76771 2.12459
3.33827 3.41458
1.57932 1.7459
0.242824 0.261113
0.883553 0.95006
0.166352 0.167674
0.442315 0.45465
0.447516 0.545012
1.24553 1.30645
0.784233 0.82631
0.155379 0.160441
0.523406 0.556485
0.502194 0.505283
1.41079 1.42592
0.125666 0.133121
1.81124 1.82016
2.02595 2.04296
0.745177 0.778906
1.71003 1.88592
1.66618 1.75726
1.93186 1.97183
3.11625 3.22943
0.32597 0.335101
0.381988 0.39848
1.5958 1.65884
0.31081 0.326003
0.190921 0.21614
1.08025 1.11192
1.91577 1.93405
2.76663 2.77241
0.100403 0.106824
0.0494824 0.050479
1.51033 1.51869
0.773926 0.87152
1.92999 2.01038
1.68075 1.72568
1.28382 1.28984
0.110574 0.110891
1.00764 1.04983
0.541312 0.552251
0.282031 0.284913
13.2049 13.6414
0.990065 1.0077
0.0366338 0.0367332
1.0311 1.03754
0.241064 0.251222
1.5702 1.62879
4.37407 4.39874
0.621875 0.623511
0.0449302 0.0468378
2.03174 2.13629
4.51326 4.64545
0.739079 0.750653
0.184739 0.198757
1.85818 2.02076
0.409442 0.416677
0.149502 0.15617
2.58211 2.64892
1.72416 1.74674
0.727949 0.739669
0.205666 0.205774
0.897237 0.907873
0.40265 0.41119
0.0550147 0.0671737
3.86715 4.07585
0.0209469 0.0211391
0.203849 0.206629
0.14257 0.144557
0.81612 0.821205
2.60255 2.76695
1.18468 1.32714
0.336073 0.372325
0.480918 0.484143
0.819368 0.930328
1.67588 1.96084
0.318956 0.332232
0.122058 0.122814
0.4493 0.454408
0.226447 0.227086
5.9136 6.13195
12.5288 13.5805
1.25363 1.25593
0.0374912 0.0380383
0.201225 0.247378
0.414149 0.422752
1.19986 1.2788
0.126745 0.129698
0.381978 0.394745
1.26133 1.46312
3.74618 3.77461
1.90455 1.95004
2.38108 2.45348
0.412296 0.415024
0.114988 0.115043
0.753687 0.785034
2.57131 2.76395
0.143426 0.146178
0.794123 0.836245
2.51124 2.51438
0.311344 0.345692
1.94242 2.05395
1.05877 1.09888
1.2362 1.25347
4.90302 5.12855
0.704035 0.7152
2.11478 2.13695
0.795126 0.82154
4.45733 4.55048
1.08276 1.08384
0.990607 1.00582
0.593508 0.602962
1.37884 1.40729
0.825552 0.861589
0.397712 0.416439
0.662381 0.666224
0.0836507 0.0896242
0.786179 0.808974
3.0736 3.1736
0.38 0.426973
0.768842 0.785385
1.01453 1.10966
0.286117 0.290078
0.0567042 0.0569977
0.00604169 0.00630529
0.546943 0.558821
0.0671194 0.0674773
1.45685 1.45782
0.669627 0.671513
1.84277 1.86541
25.0816 25.5376
0.0580864 0.060716
1.05936 1.09894
5.93967 6.09103
0.0771643 0.0773399
0.932301 0.956137
0.272299 0.286174
8.33266 8.33717
1.32792 1.40026
0.577429 0.585783
0.247492 0.313963
5.67586 6.13858
1.11441 1.22592
0.338854 0.343238
1.36214 1.69142
1.68763 1.79218
0.0475613 0.0477828
0.90775 1.04772
2.60377 2.94937
0.913769 0.930087
2.48502 2.56366
0.259654 0.285925
0.3697 0.430955
1.45108 1.55749
1.83733 1.97158
242.794 277.803
1.5766 1.75616
0.027926 0.028132
18.1739 18.6939
1.57597 1.64251
0.025941 0.0261295
0.184866 0.198228
0.0691319 0.0717609
0.648431 0.656516
37.3094 38.3954
0.0403904 0.0408795
0.422576 0.426387
0.405805 0.419824
4.56419 4.66198
4.40715 4.71248
0.628621 0.633852
0.675823 0.720861
1.55487 1.56776
0.14151 0.146239
0.147874 0.156598
0.695726 0.698054
0.0817872 0.0889947
0.12676 0.129481
1.69765 1.73996
0.252302 0.261464
2.39369 2.39812
0.544006 0.561335
1.73043 1.82472
0.496899 0.528446
1.40497 1.42442
0.17935 0.179464
0.720172 0.727792
0.450317 0.474572
0.0417146 0.0425847
1.91449 2.00443
0.815253 0.924754
0.2151 0.226114
0.848217 0.850993
0.732455 0.740864
0.219211 0.220204
0.823612 0.940061
62.656 63.8258
0.612274 0.640055
0.924963 0.931001
0.213544 0.228354
1.29207 1.33242
0.0254364 0.0257495
0.311984 0.318038
1.23292 1.28627
0.48441 0.491128
0.5494 0.569525
0.307173 0.317219
44.2334 44.5506
0.0344676 0.0364186
0.269014 0.358329
1.10491 1.11219
4.28148 4.57788
0.209994 0.222127
1.8587 1.88569
1.00898 1.1645
1.49976 1.52493
26.1046 27.8232
2.16159 2.23804
13.0774 15.9683
0.506139 0.539106
0.941047 0.959273
10.1531 10.7441
2.52321 2.57667
41.8407 46.689
0.764434 0.806865
0.524015 0.547911
0.573422 0.578491
39.3773 39.6391
2.10901 2.24442
0.878572 0.903652
0.37954 0.389847
0.464109 0.555758
1.85948 1.92342
1.05749 1.0737
1.01495 1.08861
0.30077 0.325157
0.860423 0.902883
3.02053 3.12882
0.446285 0.453034
1.08496 1.20686
6.59918 6.70481
0.324009 0.374049
1.33396 1.34577
1.34261 1.42618
0.997288 1.04097
0.955381 1.00187
7.65625 8.08687
3.39117 3.49147
0.215554 0.226998
0.783269 0.84217
0.417317 0.43014
1.2292 1.38849
0.142529 0.184615
1.32817 1.42339
6.71527 7.07695
0.621776 0.643529
2.22602 2.25622
1.7419 1.75437
0.598194 0.618225
0.257371 0.271359
1.14645 1.17271
0.897221 0.945966
0.28766 0.291311
0.363351 0.394538
0.229196 0.230971
15.4649 15.7348
0.503779 0.536185
7.25899 7.44795
0.977785 1.02106
0.40248 0.418643
0.145008 0.157897
42.8124 58.8903
1.81507 1.8603
0.089743 0.102018
2.2843 2.31109
0.0286121 0.0323766
0.800525 0.831582
2.16732 2.21159
2.70909 2.82476
0.105396 0.106459
1.00556 1.02733
4.47799 4.59848
0.106639 0.112446
40.9001 42.426
0.989481 1.07927
2.48679 2.58184
31.4451 31.4936
1.26573 1.31089
425.787 434.28
0.640117 0.684499
7.30169 7.36968
1.01017 1.055
1.60013 1.68567
0.159486 0.16531
0.25775 0.257826
0.070185 0.0734255
1.52691 1.57603
0.320046 0.322085
2.2294 2.32575
2.07087 2.08608
1.80229 1.89022
1.35816 1.54302
4.35219 4.371
0.629502 0.666498
0.44274 0.463671
2.17934 2.26676
1.52215 1.66017
0.531055 0.531137
0.626409 0.626431
0.567465 0.577331
1.04433 1.05063
11.3933 11.813
1.54664 1.55358
5.35016 5.64573
0.210974 0.236067
3.98447 4.06312
3.4938 3.56533
2.53229 2.56232
0.931264 1.10019
0.30302 0.313584
0.213189 0.224706
1.41033 1.43287
0.307113 0.357552
1.31473 1.33797
1.79583 1.7995
1.30653 1.31353
0.326426 0.349884
0.265709 0.299292
3.06281 3.16644
0.883648 0.883922
0.356886 0.426356
0.220582 0.245806
1.08767 1.08796
6.39928 6.63395
5.31163 5.91385
0.590644 0.641309
0.431887 0.433632
0.157633 0.158467
0.516545 0.520817
0.395308 0.427172
0.998129 1.0311
0.0640665 0.0664938
0.00886924 0.00957229
0.274794 0.275441
0.248142 0.24988
5.80169 6.01748
15.1167 15.5592
0.0753478 0.0789996
0.15991 0.16878
0.971842 1.03255
2.88592 2.91432
0.181591 0.182565
0.17474 0.192244
4.0957 4.18529
0.135234 0.135236
1.11176 1.12128
0.822383 0.921069
1.84877 1.97731
1.24009 1.27961
0.758528 0.883045
0.682062 0.712102
15.4126 15.4209
0.296883 0.377426
0.240954 0.293142
0.524267 0.524738
0.06969 0.0826095
0.192549 0.192764
8.9823 10.925
0.0853406 0.0855549
1.16853 1.20113
0.378786 0.392972
2.11365 2.15454
0.700925 0.718084
0.200483 0.221448
0.389605 0.404727
0.905899 0.909654
1.34846 1.3623
0.0181461 0.0188268
7.72737 7.84854
0.404108 0.419108
1.53626 1.56334
0.305599 0.316186
2.93644 3.08043
0.115138 0.124795
64.0926 64.469
0.182978 0.195149
0.390354 0.393379
3.38026 3.40378
1.43145 1.48049
2.46286 2.58
0.595314 0.633011
0.343808 0.362195
2.31392 2.36824
1.34905 1.36437
1.29091 1.31138
0.157784 0.165721
0.0221789 0.0224153
0.23652 0.260301
1.17396 1.24793
0.884416 0.892933
0.494792 0.499301
4.0548 4.28931
16.0451 18.3579
0.0788053 0.0853933
0.955234 1.07167
1.68929 1.72556
4.28821 4.36038
0.29004 0.290118
5.36436 5.42364
0.590187 0.612274
0.698572 0.731183
0.0959654 0.0966972
1.98978 2.04856
1.06799 1.08972
0.51897 0.628196
1.03583 1.11945
1.62618 1.62676
0.127547 0.134784
0.0654375 0.068695
8.68509 8.73657
5.52849 5.53769
0.480596 0.56773
0.142308 0.144498
0.215543 0.282292
2.66345 2.6925
0.398069 0.420733
6.01042 6.29478
0.935227 0.959187
6.2544 6.5695
0.373363 0.375873
0.331141 0.331773
1.5553 1.58358
1.82283 1.83537
0.504166 0.520033
0.286393 0.403173
0.778595 0.825786
0.168147 0.176917
4.37261 4.56291
0.775598 0.823135
0.39799 0.406528
0.81632 0.824243
0.495042 0.551369
33.8431 35.221
1.51933 1.52415
0.46488 0.468349
0.0952369 0.0984081
1.47759 1.48313
0.0782098 0.0799858
0.142529 0.165463
0.467535 0.481577
11.9506 11.953
0.189248 0.196622
4.17261 4.30377
1.3743 1.38512
2.07678 2.16665
3.78183 3.82221
30.4036 31.5444
0.244399 0.264832
2.25688 2.26454
1.76809 1.88998
1.07744 1.16072
0.375147 0.379453
1.89175 1.92199
0.601223 0.608874
0.431442 0.460836
2.33697 2.85092
0.897092 0.922152
0.616441 0.627558
0.196521 0.197069
4.38649 4.49045
0.686036 0.764791
1.42442 1.48574
1.43133 1.46349
1.34126 1.4968
0.594072 0.645246
0.158698 0.162286
0.0776448 0.0826001
0.558263 0.573343
0.618018 0.638054
0.556512 0.593703
8.74914 8.76468
0.528297 0.630525
1.23195 1.25297
2.16468 2.26024
0.027537 0.0287389
0.601698 0.615571
12.117 12.1419
1.28035 1.29344
0.2154 0.2514
1.66903 1.80883
0.257776 0.280017
0.511529 0.646162
0.0896581 0.100284
0.0918301 0.09667
0.173081 0.173969
0.264531 0.267581
0.203266 0.210668
0.789062 0.802242
1.76705 1.79023
1.46085 1.55438
0.729488 0.870151
0.94925 1.06831
1.59743 1.66558
4.67391 5.08305
1.06878 1.09115
0.0213682 0.0238921
2.11595 2.14975
0.058334 0.0655252
1.40953 1.40965
0.395321 0.411694
1.79339 1.82926
1.28652 1.29395
1.2419 1.402
0.408629 0.419443
0.121353 0.145946
10.9336 11.2335
0.308662 0.309002
0.391948 0.406604
0.539766 0.58161
0.219636 0.244629
0.13503 0.154229
0.0353164 0.0362172
10.861 10.9282
1.08712 1.10267
1.04982 1.06017
1.51607 1.53797
0.154352 0.164384
29.8539 30.0691
1.99647 1.99753
0.661539 0.735341
1.10304 1.16255
0.683836 0.756337
0.286037 0.293025
7.46459 7.53215
2.27037 2.30305
0.384828 0.397966
0.380813 0.385284
0.214098 0.222343
0.973897 1.02599
75.6761 77.4581
1.21908 1.26546
0.374975 0.49704
1.70148 1.70784
0.915624 0.984784
0.844222 0.891819
0.170532 0.171795
0.357668 0.361615
15.8693 16.1707
0.198698 0.202595
1.07727 1.17053
0.111716 0.141199
1.03534 1.03988
0.0327602 0.0393876
1.01162 1.01517
0.283703 0.292722
0.469951 0.480532
2.40035 2.70942
33.0478 34.2614
0.15941 0.168542
0.0819734 0.0825231
0.0181084 0.0202153
9.46256 9.59756
0.343158 0.353271
0.606787 0.633322
0.173429 0.176102
0.270536 0.284156
1.51506 1.58555
0.301107 0.331336
0.319628 0.323768
0.808964 0.826617
1.82809 1.88073
0.232694 0.246818
0.0829801 0.0842745
5.39416 5.78595
1.51101 1.53051
0.556199 0.568541
3.3684 3.37862
0.391595 0.39183
1.69035 2.06054
4.91257 5.04381
0.0111232 0.0124667
0.62667 0.630682
0.633371 0.658986
0.876316 0.880797
0.44607 0.457305
0.190772 0.197275
0.353046 0.484556
3.8699 3.88358
0.619412 0.637226
0.203196 0.230304
1.17574 1.23336
3.75837 4.04495
0.58449 0.626898
1.19085 1.20391
0.71597 0.768972
0.405334 0.419924
0.21459 0.22027
1.9104 2.0293
0.839809 0.868674
0.53293 0.54627
4.14901 4.1685
0.611236 0.642186
0.16103 0.16632
0.0382566 0.0386759
0.0208323 0.0209582
0.789764 0.889056
0.107929 0.11064
0.220582 0.230591
0.790894 0.825803
0.0811295 0.083174
5.68394 5.72973
0.466518 0.473933
4.03251 4.57585
2.32995 2.42781
1.7653 1.83929
23.7154 24.1741
0.0908189 0.0977831
0.342968 0.349972
22.7236 23.5508
0.168516 0.181016
0.00340949 0.00372954
0.767034 0.805441
0.957432 0.964344
0.518413 0.556857
153.464 163.506
0.945231 1.04114
9.65344 9.68987
7.46681 8.56819
0.408278 0.446822
17.4521 18.3866
1.402 1.47236
0.0725395 0.0854287
0.0479555 0.0482043
0.493637 0.564749
0.580547 0.604235
0.596941 0.700099
0.864641 0.883775
1.22229 1.22892
0.551451 0.569146
0.697949 0.717644
1.2172 1.22783
5.34591 5.82
0.34767 0.348149
0.66917 0.769432
0.950244 0.953264
5.27964 5.46524
1.58371 1.58545
0.284266 0.28821
0.361476 0.37011
0.0160403 0.0166467
3.33523 3.52866
0.102341 0.107378
2.6791 2.83486
306.276 309.106
1.33983 1.3817
0.545425 0.558066
2.4352 2.54314
0.150454 0.152855
1.50665 1.51613
1.16646 1.22191
0.169832 0.176251
0.2805 0.293239
2.84571 2.84923
3.52551 3.62254
8.38616 8.52506
0.556597 0.576875
1.25681 1.29362
0.952097 0.983955
0.140568 0.143489
16.5592 17.1206
0.24664 0.249548
2.084 2.09979
0.482296 0.499794
0.152254 0.16033
0.16427 0.164481
8.65515 8.67297
1.02531 1.03642
0.276647 0.28011
0.78981 0.808505
0.519172 0.543204
1.30527 1.31881
0.158268 0.158512
3.08403 3.31184
0.0813257 0.0911864
0.866577 0.908502
2.37686 2.4222
0.920011 0.927999
0.713174 0.744148
61.6615 64.5108
0.14749 0.151933
3.713 3.75251
23.5425 24.845
1.07984 1.08973
0.978412 0.993945
3.80039 3.93482
1.41451 1.42422
0.00451385 0.00452064
0.473636 0.484163
4.44764 4.51105
2.88882 3.12054
11.6536 11.8169
0.192819 0.197577
0.113725 0.115921
0.0514617 0.0527088
1.39941 1.45369
2.75527 2.84303
0.100947 0.108151
0.723185 0.819143
0.712312 0.774957
0.355792 0.356694
0.833701 0.835345
1.74376 1.85689
0.0883567 0.0979716
0.0477446 0.0479463
0.0172609 0.0179679
3.42925 3.48474
1.41291 1.72211
0.19879 0.213254
2.10416 2.18025
0.748909 0.765065
1.50859 1.54787
0.959709 1.04467
0.530295 0.543614
0.227657 0.234245
0.0676711 0.0781125
0.231898 0.235992
0.078588 0.0790581
5.09858 5.21879
0.303451 0.312185
0.369073 0.374961
1.96424 2.30552
0.731049 0.766419
0.503537 0.564527
0.0341644 0.035411
0.873119 0.938124
0.550102 0.588478
1.03745 1.07853
0.525701 0.544138
8.48354 8.59391
0.116669 0.120704
0.778993 0.872321
0.63521 0.698362
3.16187 3.47853
0.0148161 0.0152938
0.0412342 0.0467777
4.88137 4.99551
1.62079 1.65474
4.38642 4.47505
0.946291 1.0173
0.83444 0.862803
0.519148 0.536665
0.716143 0.72399
5.67246 5.74274
1.01198 1.02945
1.42363 1.42559
0.974696 1.02501
2.6596 2.71568
1.0374 1.17179
0.257616 0.264162
5.56688 5.68595
2.81141 2.86197
1.93368 2.15992
1.05708 1.07901
1.48978 1.50434
0.733366 0.779195
2.52226 2.60124
0.153063 0.190891
0.361851 0.37773
1.53156 1.60724
0.463047 0.547264
0.353046 0.547545
0.637437 0.674065
1.4906 1.56433
2.23869 2.26547
3.59967 3.87721
2631.56 2640.25
7.0619 7.72994
0.660121 0.677214
0.538937 0.557385
0.378971 0.393076
0.303516 0.323082
0.192243 0.19965
1.52834 1.65008
0.583117 0.602719
0.760536 0.795956
0.0837859 0.0855005
4.7321 4.75335
0.485916 0.48773
0.511578 0.524244
3.70599 3.85367
0.796565 0.824086
0.600505 0.641598
2.22915 2.24865
0.520351 0.525824
0.385284 0.387567
22.4551 22.464
5.80268 5.90632
0.0366874 0.0414279
0.1505 0.166161
0.632266 0.635672
0.214053 0.221003
0.533023 0.535386
0.0900719 0.0908141
0.646861 0.661036
0.144916 0.150468
0.469029 0.478515
1.4728 1.53057
0.875765 0.888894
1.07444 1.08335
12.4845 12.7843
2.25803 2.3692
232.327 234.613
2.05527 2.10887
0.422206 0.425159
0.209525 0.212452
0.00781324 0.00814437
0.263231 0.266124
0.707655 0.741835
0.4231 0.455099
1.65193 1.71479
0.00887276 0.00926529
0.438829 0.441163
1.16202 1.25595
1.76154 1.90452
1.85899 1.89778
0.925035 0.97395
0.21193 0.213306
0.200928 0.208509
1.52541 1.53584
0.359502 0.381046
0.733609 0.789896
0.563848 0.56696
0.145425 0.158493
83.7529 85.4695
0.838139 0.858761
0.988576 1.00994
1.09951 1.13994
5.85405 5.93855
0.155142 0.155597
10.8884 11.2401
4.35645 4.4216
0.251052 0.257144
1.11703 1.11704
0.728155 0.735089
0.13999 0.15522
1.64044 1.64052
0.0962514 0.102017
0.200985 0.234725
0.0922082 0.103588
0.708869 0.710264
0.476538 0.493711
0.131088 0.145447
2.31099 2.33188
0.905387 0.938492
1.24976 1.25625
6.41635 6.47733
1.15361 1.23928
0.347526 0.378126
0.424782 0.43255
3.88847 3.97339
0.765088 0.840743
0.549186 0.577599
58.8256 58.9099
0.8003 0.81131
1.81143 2.04915
0.988141 1.01446
1.29488 1.48591
0.0790497 0.081528
0.563307 0.654816
0.578436 0.611934
2.46548 2.50177
0.141539 0.143274
0.926995 0.94528
1.13189 1.18626
0.194854 0.197322
9.39975 9.49543
0.606446 0.631651
0.151818 0.183756
0.78703 0.832679
0.385627 0.390778
0.911002 0.955966
0.956196 0.968644
11.8029 11.8655
0.859909 0.881188
0.0258463 0.0263531
0.969484 0.989481
0.222148 0.224945
2.38458 2.42166
0.623567 0.640389
4.13925 4.2963
0.398703 0.399306
1.12502 1.22335
0.278654 0.30037
3.35034 3.57823
0.47559 0.491303
0.619695 0.627257
1.06331 1.07773
1.98301 2.15564
2.26525 2.27176
1.62687 1.66117
1.67181 1.88227
0.742075 0.782446
2.55941 2.79688
0.602766 0.615088
0.768902 0.797734
1.0147 1.03097
0.411038 0.415267
0.551354 0.575034
0.206531 0.236064
3.28599 3.32838
1.87061 1.8813
0.259859 0.276448
2.64857 2.69866
1.53239 1.53955
1.08977 1.10048
0.558325 0.573848
1.66432 1.84736
0.392444 0.402471
0.0790154 0.0792564
3.12406 3.46299
1023.32 1026.22
0.54951 0.562431
1.17191 1.17699
1.30628 1.32952
0.204307 0.213281
0.882793 0.882929
0.907585 0.931951
2.32684 2.52219
0.546277 0.563463
1.89688 2.02483
1.04073 1.08595
0.589244 0.607543
0.105472 0.109927
1.04494 1.44899
0.0180669 0.0197602
0.772002 0.8184
11.8397 11.9603
2.02572 2.14273
1.55356 1.63073
58.5221 59.8876
7.55659 7.62447
0.126135 0.133019
5.32954 5.47885
1.03692 1.06227
1.7627 1.76696
1.95652 1.99451
1.0762 1.10802
1.25298 1.26148
0.931628 0.941029
4.02751 4.1703
3706.08 3797.57
0.146441 0.146656
0.477491 0.490685
1.18013 1.27905
0.55811 0.603201
0.235241 0.247771
0.706225 0.763031
3.74195 3.80158
1.336 1.34005
0.0335613 0.0346892
0.570876 0.577589
2.88854 3.07177
0.562577 0.61505
12.4571 12.9317
0.34092 0.342381
0.547102 0.553439
0.101328 0.101769
1.04918 1.11489
0.173825 0.190928
0.106731 0.110811
64.1353 66.2918
0.632908 0.660153
1.13073 1.14908
0.21449 0.216525
0.713299 0.716487
0.754923 0.783493
1.73658 1.78265
1.12406 1.12874
2.14978 2.18098
0.15728 0.196365
5.32542 5.34661
0.303864 0.310842
0.204782 0.205714
0.428032 0.44836
0.516986 0.5345
6.61742 7.24118
0.218084 0.219398
5.83452 6.52396
0.139973 0.143513
2.19017 2.2405
1.96424 2.40497
24.543 25.3139
0.782305 0.789382
0.337697 0.347874
5.80009 5.84359
4.0868 4.09561
0.658954 0.660435
0.515748 0.517473
1.1656 1.18525
1.05048 1.10811
0.455749 0.458883
1.35072 1.39253
0.433755 0.455674
6.14441 6.17727
0.664696 0.692777
3.12226 3.33681
2.65645 2.69038
25.0038 25.1767
2.23988 2.32555
4.16102 4.18282
0.64358 0.695843
0.07455 0.0757916
2.05223 2.44339
5.88594 5.89563
0.331057 0.333145
0.553193 0.562129
1.81641 1.84109
0.242875 0.248132
2.81871 2.82867
0.0126888 0.0130485
1.80653 2.08143
1.72738 1.8097
7.58563 7.7242
0.714898 0.72524
0.0907621 0.0926212
0.62125 0.626079
3.0589 3.11685
0.898954 0.996492
1.12196 1.18611
0.605628 0.622973
4.82732 5.5665
3.11631 3.1499
3.26125 3.40823
3.06414 3.07242
0.208582 0.216267
4.15805 4.21457
0.159513 0.160453
0.039121 0.0411025
0.0552682 0.0557199
0.187654 0.190083
0.983002 1.06634
2.21225 2.2421
0.156078 0.15654
0.997814 1.01016
2.63901 2.67099
0.62198 0.633547
1.96256 2.03822
1.69035 2.27489
3.24256 3.269
0.299832 0.311344
0.127465 0.128572
1.16604 1.18066
1.17445 1.26024
3.75977 4.16095
0.798151 0.872842
0.839436 0.843742
33.8162 33.8657
5.11124 5.39657
0.523922 0.55177
0.366087 0.382877
0.0501346 0.0511066
2.14318 2.34644
0.687309 0.714364
2.19315 2.35553
0.744642 0.791207
21.0511 21.4201
0.685232 0.704696
0.810882 0.828649
0.674338 0.675987
0.999653 1.02106
10.7483 11.1107
6.35085 6.44292
0.345681 0.371465
0.699805 0.768407
4.64813 4.70074
1.53125 1.69464
4.13632 4.21068
0.381949 0.402924
22.3532 22.4814
0.713109 0.735419
1.48743 1.63478
11.8217 11.8972
4.04303 4.21243
2.24766 2.30465
0.789822 0.796045
9.27987 10.132
0.371967 0.389981
2.37647 2.44124
0.106033 0.106788
0.117692 0.121319
0.192633 0.201929
0.335974 0.339521
1.47499 1.53519
1.95301 2.03533
599.992 611.947
0.883869 0.893583
0.20489 0.209875
13.9395 14.6243
1.19586 1.21591
0.164197 0.174878
0.663054 0.697204
1.24332 1.28315
2.67766 2.81277
0.811058 0.900368
0.465022 0.482789
0.452444 0.464761
0.0754694 0.0762624
0.525018 0.539423
0.126348 0.131829
2.58697 2.65253
5.29099 5.50962
2.17382 2.38508
0.440478 0.445131
0.748009 0.849881
0.586587 0.618134
0.3936 0.398068
0.183405 0.184472
2.44954 2.50304
3.14652 3.51583
0.194667 0.213285
0.934846 0.950823
0.648854 0.668688
0.588415 0.611934
66.1301 70.401
1.92556 1.95023
204.287 206.184
0.120605 0.121887
1.50502 1.56634
0.0901601 0.0910721
1.36772 1.43574
1.62148 1.65005
0.0161148 0.0176727
3.0598 3.07101
0.864417 0.946366
1.01286 1.05431
0.747864 0.792429
0.429306 0.433772
0.727724 0.753545
2.6016 2.63648
1.36812 1.39669
24.358 24.9468
0.290079 0.310639
8.75677 8.85377
0.563312 0.636823
0.331358 0.336073
0.454175 0.488563
2.77061 2.80739
0.10795 0.112164
0.215848 0.218717
0.654517 0.657148
1.14652 1.16173
0.909587 0.913941
0.885923 0.906794
4.29861 4.39096
0.232637 0.234578
0.336964 0.361608
0.777795 0.798138
2.00547 2.15635
0.128306 0.133122
3.34444 3.4169
0.0758532 0.0758726
2.01088 2.01107
0.41984 0.423716
0.853651 0.875248
0.495306 0.532098
0.294004 0.296047
0.12473 0.125988
0.583681 0.62118
0.395321 0.473201
0.60512 0.691543
0.438126 0.497056
0.021014 0.0220596
0.430745 0.448102
1.85164 1.93693
0.681667 0.718184
2.87394 3.09054
0.0708983 0.0765445
1.52093 1.55735
1.19654 1.28988
28.053 28.068
0.645914 0.648112
2.39209 2.50338
1.8728 1.9832
0.186978 0.191043
0.45757 0.510554
1.28542 1.33742
0.374677 0.416377
0.536316 0.538515
0.387146 0.44318
1.21179 1.28498
2.64154 2.7057
24.0039 24.8378
0.49 0.501125
3.01519 3.39514
1.20271 1.57744
0.556602 0.648863
0.454533 0.500817
0.553626 0.635196
0.85425 0.890113
0.573726 0.588168
0.199275 0.21262
0.934121 0.946819
0.915818 0.95462
0.247327 0.264929
0.509468 0.528436
24.2909 24.8477
0.327982 0.348753
3.65381 3.6691
1.44331 1.48938
1.02999 1.09367
1.45708 1.52812
1.32763 1.34909
0.245105 0.25509
24.8655 26.4466
2.65403 2.67644
0.531683 0.534234
0.792928 0.79379
0.339252 0.341097
13.5653 14.249
0.113814 0.130165
0.366202 0.368491
0.579768 0.598194
0.0416238 0.0422837
0.685354 0.699041
1.65164 1.65433
0.0530894 0.0540023
0.261993 0.264546
0.194567 0.200761
0.0610052 0.0615255
0.282371 0.288543
0.619665 0.660719
3.00012 3.05875
0.391609 0.399677
6.90941 7.46133
0.0336004 0.0340102
0.795345 0.811058
2.79543 2.83938
1.75191 1.78542
6.55171 7.29966
0.473579 0.479595
0.0314248 0.0316607
1.61226 1.65357
2.42528 2.75466
0.404355 0.467975
1.99481 2.16049
1.26833 1.26891
0.726157 0.74348
0.239465 0.239941
280.543 284.663
0.417406 0.45303
0.751449 0.777145
0.230304 0.255054
0.422298 0.4343
1.47836 1.60317
1.31592 1.33334
0.184338 0.186064
0.978394 0.985632
0.994918 1.01325
2.65926 2.66405
2.06436 2.06966
1.95908 1.98471
1.15705 1.17649
0.440292 0.455223
0.049016 0.0497483
0.424453 0.426023
0.259858 0.268272
0.666328 0.695436
1.97674 2.00016
0.944103 1.06566
0.972459 1.04923
31.9512 32.2527
2.22197 2.27423
6.77102 6.88491
1.03455 1.04725
1.05627 1.11587
4.9157 4.97459
0.356262 0.358917
1.54198 1.54446
6.20808 6.38915
0.257395 0.262871
0.430479 0.454743
2.30465 2.40239
0.613762 0.669933
0.283707 0.300741
1.28683 1.30296
0.461488 0.483473
0.357901 0.378694
1.26408 1.30908
1.42261 1.44219
1.73324 1.7511
4.06496 4.20941
0.612708 0.636564
1.7922 1.8077
0.85908 0.872031
0.47237 0.499765
0.937991 0.99912
0.284021 0.292655
0.00747551 0.00757338
1.79048 1.83686
7.50614 7.59898
0.712431 0.728911
0.12676 0.138742
1.46864 1.58949
0.780126 0.788174
0.415893 0.419397
1.29097 1.33577
1.21298 1.31967
0.374998 0.381362
3.26688 3.32914
0.780501 0.94648
1.66524 1.70023
0.775931 0.787725
0.509405 0.575452
1.31959 1.48015
0.286523 0.310452
2.64262 3.30279
0.298065 0.310904
1.11668 1.29518
3.57878 4.02141
1.02306 1.32983
0.0997939 0.10404
